0.565811
================================
A= 
[
[  0.61092992 ,  0.18368915 ,  0.82279874 ,  0.96513928 ,  0.90159453 ,  0.72171564 ,  0.62250391 ,  0.47856231 ,  0.81347664 ,  0.99417953 ,  0.25471130 ,  0.85290626 ,  0.67556408 ,  0.48058753 ,  0.81157257 ,  0.44639349 ,  0.44569395 ,  0.41050989 ,  0.02994652 ,  0.56329324 ,  0.43966946 ,  0.60597774 ,  0.63970545 ,  0.49816762 ,  0.52268450 ,  0.60501793 ,  0.69768610 ,  0.14231317 ,  0.18545301 ,  0.30861701 ,  0.40783208 ,  0.30322346 ,  0.61935617 ,  0.16617507 ,  0.97130821 ,  0.73270313 ,  0.94442105 ,  0.75357019 ,  0.99048636 ,  0.42236657 ,  0.56974920 ,  0.97766451 ,  0.72547539 ,  0.78533284 ,  0.61098506 ,  0.92090071 ,  0.98062546 ,  0.68975245 ,  0.20030742 ,  0.89984910 ,  0.44855693 ,  0.24843313 ,  0.73479561 ,  0.96577162 ,  0.75883122 ,  0.30420738 ,  0.00223111 ,  0.42457994 ,  0.26072879 ,  0.94550735 ,  0.07337422 ,  0.81269565 ,  0.18073963 ,  0.42268295 ,  0.16702457 ,  0.20597638 ,  0.17884938 ,  0.39200801 ,  0.87653739 ,  0.14358627 ,  0.59205666 ,  0.42516690 ,  0.40036034 ,  0.66212009 ,  0.57274957 ,  0.11157683 ,  0.77814538 ,  0.82991037 ,  0.97176224 ,  0.39665012 ,  0.90443832 ,  0.21073505 ,  0.47794920 ,  0.99177219 ,  0.13388980 ,  0.82290489 ,  0.73184391 ,  0.64186283 ,  0.56956214 ,  0.16773379 ,  0.48458463 ,  0.33930645 ,  0.81710148 ,  0.34377845 ,  0.21954301 ,  0.09004509 ,  0.96854031 ,  0.73621969 ,  0.87709792 ,  0.22582084 ,],
[  0.18368915 ,  0.59248836 ,  0.36770098 ,  0.79445831 ,  0.98677474 ,  0.26111428 ,  0.19259269 ,  0.11016838 ,  0.78900241 ,  0.72416899 ,  0.66072078 ,  0.06897893 ,  0.53691759 ,  0.57924374 ,  0.63964697 ,  0.70533078 ,  0.90037397 ,  0.00353018 ,  0.05046357 ,  0.28839237 ,  0.82644833 ,  0.99338709 ,  0.03343625 ,  0.99202799 ,  0.14253855 ,  0.90138681 ,  0.02865478 ,  0.13740323 ,  0.82804177 ,  0.27514482 ,  0.82360263 ,  0.42398331 ,  0.08839691 ,  0.38206431 ,  0.54697510 ,  0.63696769 ,  0.82624861 ,  0.31406577 ,  0.63374798 ,  0.90644192 ,  0.20612352 ,  0.53636397 ,  0.39074590 ,  0.44254495 ,  0.58682582 ,  0.02329898 ,  0.08076439 ,  0.90515080 ,  0.78184369 ,  0.41640543 ,  0.63746307 ,  0.22934115 ,  0.18943843 ,  0.24105588 ,  0.96293334 ,  0.75593425 ,  0.70916416 ,  0.80843825 ,  0.03740495 ,  0.45550237 ,  0.42987542 ,  0.84937550 ,  0.26550035 ,  0.19068545 ,  0.48605433 ,  0.05466002 ,  0.12930846 ,  0.62097725 ,  0.08581028 ,  0.89383064 ,  0.99300755 ,  0.75340709 ,  0.57192415 ,  0.58611914 ,  0.31888462 ,  0.54341542 ,  0.14746625 ,  0.79824202 ,  0.94933183 ,  0.86258401 ,  0.76576028 ,  0.25787035 ,  0.24312070 ,  0.71906020 ,  0.99945977 ,  0.65130983 ,  0.20287486 ,  0.73032219 ,  0.21747688 ,  0.98843078 ,  0.06219646 ,  0.95536026 ,  0.86231559 ,  0.21890390 ,  0.78497112 ,  0.82367120 ,  0.53049337 ,  0.32216869 ,  0.92795850 ,  0.86689585 ,],
[  0.82279874 ,  0.36770098 ,  0.48753393 ,  0.75615136 ,  0.13053109 ,  0.79891908 ,  0.05348845 ,  0.61375601 ,  0.01232526 ,  0.19482279 ,  0.62691666 ,  0.01838437 ,  0.22164472 ,  0.23876402 ,  0.90513740 ,  0.50613621 ,  0.46550789 ,  0.67346444 ,  0.02048915 ,  0.96787109 ,  0.98845656 ,  0.06793547 ,  0.15569293 ,  0.55300543 ,  0.44628970 ,  0.90280269 ,  0.04385608 ,  0.45248283 ,  0.84796097 ,  0.31409812 ,  0.83860990 ,  0.62842637 ,  0.38468513 ,  0.40094792 ,  0.28181236 ,  0.65597352 ,  0.97838607 ,  0.40255584 ,  0.16800486 ,  0.51942062 ,  0.44324975 ,  0.80392937 ,  0.17077348 ,  0.09226174 ,  0.13168163 ,  0.47794168 ,  0.32762514 ,  0.67643053 ,  0.36275858 ,  0.27875106 ,  0.55600885 ,  0.39995521 ,  0.05003173 ,  0.42324602 ,  0.50642302 ,  0.81074126 ,  0.20687234 ,  0.70949805 ,  0.53432400 ,  0.99335277 ,  0.12237155 ,  0.92679331 ,  0.40719794 ,  0.36844520 ,  0.75373074 ,  0.32878801 ,  0.08232413 ,  0.58957489 ,  0.00858795 ,  0.25617881 ,  0.11233548 ,  0.21859126 ,  0.69534560 ,  0.36042725 ,  0.45713115 ,  0.10931369 ,  0.00903949 ,  0.35641540 ,  0.52629551 ,  0.60627618 ,  0.12525121 ,  0.63407757 ,  0.54268755 ,  0.78824335 ,  0.93296907 ,  0.48800034 ,  0.55214475 ,  0.03594343 ,  0.81188640 ,  0.52995333 ,  0.97119845 ,  0.90353678 ,  0.32112948 ,  0.34385690 ,  0.08818606 ,  0.00345808 ,  0.21528174 ,  0.54430472 ,  0.29184210 ,  0.31886516 ,],
[  0.96513928 ,  0.79445831 ,  0.75615136 ,  0.97831484 ,  0.21635031 ,  0.09679726 ,  0.08274945 ,  0.12503204 ,  0.93684007 ,  0.03777888 ,  0.34591206 ,  0.18311920 ,  0.99743438 ,  0.86363623 ,  0.46692463 ,  0.15795179 ,  0.43923416 ,  0.03560165 ,  0.34404873 ,  0.31762247 ,  0.57157198 ,  0.58301512 ,  0.08476692 ,  0.48476311 ,  0.77451737 ,  0.61956514 ,  0.40154492 ,  0.46239073 ,  0.82438728 ,  0.27843400 ,  0.82761909 ,  0.37553593 ,  0.31614741 ,  0.67760642 ,  0.49144525 ,  0.40391238 ,  0.35938892 ,  0.56175032 ,  0.96925947 ,  0.89877550 ,  0.25541692 ,  0.88802620 ,  0.40904370 ,  0.31058506 ,  0.09651511 ,  0.34429091 ,  0.62921095 ,  0.16313669 ,  0.22226727 ,  0.58059305 ,  0.93650968 ,  0.84559810 ,  0.69827740 ,  0.74217934 ,  0.88131790 ,  0.78937785 ,  0.95128527 ,  0.43119513 ,  0.03141143 ,  0.46000597 ,  0.36653742 ,  0.19426458 ,  0.93727710 ,  0.85692843 ,  0.35150349 ,  0.10857154 ,  0.28481166 ,  0.65113223 ,  0.79053727 ,  0.08217668 ,  0.64366156 ,  0.38137726 ,  0.06384897 ,  0.44339663 ,  0.68346168 ,  0.40841586 ,  0.04435434 ,  0.83276774 ,  0.77075767 ,  0.84741705 ,  0.62831167 ,  0.14806190 ,  0.93791673 ,  0.35340669 ,  0.49890015 ,  0.98606344 ,  0.22249217 ,  0.90316731 ,  0.87626709 ,  0.23121751 ,  0.15701506 ,  0.68768947 ,  0.73282724 ,  0.52770025 ,  0.42920543 ,  0.44719279 ,  0.14070986 ,  0.54094572 ,  0.06431915 ,  0.39128844 ,],
[  0.90159453 ,  0.98677474 ,  0.13053109 ,  0.21635031 ,  0.01075249 ,  0.53022463 ,  0.44555910 ,  0.97991831 ,  0.97695292 ,  0.54187215 ,  0.15691451 ,  0.88434924 ,  0.49823305 ,  0.55541325 ,  0.83853381 ,  0.55096346 ,  0.76258761 ,  0.85802720 ,  0.84564623 ,  0.72175926 ,  0.12160899 ,  0.64166839 ,  0.32312675 ,  0.92480084 ,  0.53103408 ,  0.47718389 ,  0.23080373 ,  0.38056480 ,  0.25432352 ,  0.84745547 ,  0.26646796 ,  0.72162809 ,  0.27152167 ,  0.54538269 ,  0.12737403 ,  0.25686510 ,  0.31523954 ,  0.08088152 ,  0.40895680 ,  0.51156840 ,  0.55418037 ,  0.18414943 ,  0.37889900 ,  0.09326119 ,  0.49530211 ,  0.24481368 ,  0.75996987 ,  0.85146138 ,  0.77315896 ,  0.34518587 ,  0.27363319 ,  0.90881911 ,  0.12364026 ,  0.38160639 ,  0.64915462 ,  0.30059422 ,  0.65568928 ,  0.63870483 ,  0.34192886 ,  0.31323618 ,  0.00397816 ,  0.98928115 ,  0.75591507 ,  0.25997857 ,  0.98913614 ,  0.93757530 ,  0.45213796 ,  0.95343137 ,  0.51727307 ,  0.56014371 ,  0.79924620 ,  0.74283656 ,  0.17592411 ,  0.03254370 ,  0.80141101 ,  0.24172884 ,  0.90841127 ,  0.97399512 ,  0.91190680 ,  0.74538066 ,  0.25465056 ,  0.81874385 ,  0.70159390 ,  0.82773918 ,  0.66809292 ,  0.24744691 ,  0.77864950 ,  0.76885670 ,  0.21657722 ,  0.62642452 ,  0.60664591 ,  0.93364281 ,  0.92034969 ,  0.02764746 ,  0.09642561 ,  0.45478544 ,  0.47131975 ,  0.61270984 ,  0.47699962 ,  0.69173845 ,],
[  0.72171564 ,  0.26111428 ,  0.79891908 ,  0.09679726 ,  0.53022463 ,  0.86510930 ,  0.35613861 ,  0.29840987 ,  0.87669807 ,  0.49349918 ,  0.63211299 ,  0.54564951 ,  0.05584587 ,  0.22327807 ,  0.43182386 ,  0.83993975 ,  0.88133257 ,  0.57551678 ,  0.31184450 ,  0.59652937 ,  0.57841007 ,  0.00817273 ,  0.91612497 ,  0.61715552 ,  0.49538282 ,  0.98637061 ,  0.33821941 ,  0.42746720 ,  0.08220713 ,  0.14744447 ,  0.77283878 ,  0.17477425 ,  0.35245464 ,  0.97783848 ,  0.77134851 ,  0.01471061 ,  0.04692657 ,  0.81473812 ,  0.33996730 ,  0.00370742 ,  0.31078029 ,  0.02217714 ,  0.77939521 ,  0.80260261 ,  0.71984416 ,  0.25956581 ,  0.53741496 ,  0.60583173 ,  0.86132415 ,  0.35577857 ,  0.23589341 ,  0.10399458 ,  0.57393486 ,  0.57636848 ,  0.40714903 ,  0.93151261 ,  0.57715110 ,  0.71534967 ,  0.23951583 ,  0.47691822 ,  0.60145172 ,  0.43900799 ,  0.60805061 ,  0.43289700 ,  0.80815294 ,  0.48314458 ,  0.45037318 ,  0.21334943 ,  0.87119295 ,  0.59744659 ,  0.01120764 ,  0.81292498 ,  0.18380047 ,  0.22636229 ,  0.02524329 ,  0.75223321 ,  0.42190180 ,  0.96236959 ,  0.70506266 ,  0.57437609 ,  0.69857462 ,  0.36033236 ,  0.57274381 ,  0.25854874 ,  0.23460569 ,  0.84829829 ,  0.56584737 ,  0.48453506 ,  0.17532904 ,  0.31766890 ,  0.94372376 ,  0.86880133 ,  0.88387771 ,  0.65337280 ,  0.41371138 ,  0.10317424 ,  0.25449564 ,  0.06910693 ,  0.00084258 ,  0.41908643 ,],
[  0.62250391 ,  0.19259269 ,  0.05348845 ,  0.08274945 ,  0.44555910 ,  0.35613861 ,  0.23789958 ,  0.07908331 ,  0.61966470 ,  0.76968471 ,  0.49713037 ,  0.94064624 ,  0.26907196 ,  0.26296445 ,  0.51117575 ,  0.23541827 ,  0.52928806 ,  0.82621801 ,  0.65898790 ,  0.74628471 ,  0.12725527 ,  0.99776559 ,  0.44178103 ,  0.27017079 ,  0.89978832 ,  0.80273992 ,  0.52690716 ,  0.45659416 ,  0.20953061 ,  0.16400129 ,  0.73770876 ,  0.95733470 ,  0.28454785 ,  0.42604010 ,  0.01090605 ,  0.12781889 ,  0.05162034 ,  0.78012693 ,  0.90547666 ,  0.75819032 ,  0.14893810 ,  0.53947707 ,  0.53335515 ,  0.57860823 ,  0.93817085 ,  0.10565729 ,  0.81113673 ,  0.07160622 ,  0.60591288 ,  0.59752358 ,  0.55944972 ,  0.67559772 ,  0.83808940 ,  0.79612158 ,  0.35581805 ,  0.77771120 ,  0.56733266 ,  0.26613772 ,  0.40643257 ,  0.84544885 ,  0.19408913 ,  0.30355569 ,  0.53960663 ,  0.02071215 ,  0.94689834 ,  0.96968180 ,  0.97684313 ,  0.63436314 ,  0.95223616 ,  0.92579269 ,  0.27870055 ,  0.51275307 ,  0.35150721 ,  0.82832589 ,  0.23939184 ,  0.84104456 ,  0.66230982 ,  0.23279733 ,  0.88701319 ,  0.59594245 ,  0.37741018 ,  0.12528524 ,  0.58188717 ,  0.85847383 ,  0.83460848 ,  0.51439034 ,  0.92688762 ,  0.87813624 ,  0.57251158 ,  0.37144902 ,  0.17947704 ,  0.40369001 ,  0.02610241 ,  0.79329940 ,  0.41831190 ,  0.31717804 ,  0.54208526 ,  0.87655000 ,  0.85928035 ,  0.81805886 ,],
[  0.47856231 ,  0.11016838 ,  0.61375601 ,  0.12503204 ,  0.97991831 ,  0.29840987 ,  0.07908331 ,  0.68930069 ,  0.44918183 ,  0.61465160 ,  0.68927819 ,  0.06744607 ,  0.30728100 ,  0.90163840 ,  0.81536455 ,  0.35379489 ,  0.52316048 ,  0.26106926 ,  0.87509054 ,  0.97078278 ,  0.53461116 ,  0.31533645 ,  0.34113062 ,  0.04361560 ,  0.53233953 ,  0.67558115 ,  0.83503336 ,  0.85163770 ,  0.65950702 ,  0.79484100 ,  0.15313662 ,  0.98694554 ,  0.11866599 ,  0.83172104 ,  0.85216992 ,  0.57858791 ,  0.76146094 ,  0.47798464 ,  0.70882446 ,  0.51109839 ,  0.59327400 ,  0.61336784 ,  0.77873081 ,  0.28819089 ,  0.69487093 ,  0.91915593 ,  0.59876490 ,  0.63334904 ,  0.94514460 ,  0.10361140 ,  0.26877798 ,  0.53733922 ,  0.88854043 ,  0.97341590 ,  0.85210711 ,  0.13534915 ,  0.43710902 ,  0.23676910 ,  0.73329024 ,  0.19237027 ,  0.11024896 ,  0.86480386 ,  0.44342270 ,  0.84335033 ,  0.73446757 ,  0.62678766 ,  0.03074412 ,  0.08547932 ,  0.86545220 ,  0.22039256 ,  0.25479033 ,  0.47335331 ,  0.38833896 ,  0.85895718 ,  0.36757992 ,  0.54192798 ,  0.52844214 ,  0.03769195 ,  0.62648421 ,  0.51978191 ,  0.07976970 ,  0.38607574 ,  0.96476485 ,  0.25853414 ,  0.22957077 ,  0.23084054 ,  0.51187507 ,  0.51053116 ,  0.90471798 ,  0.54065008 ,  0.85196092 ,  0.01097236 ,  0.95576742 ,  0.05504014 ,  0.80593907 ,  0.79446098 ,  0.02119442 ,  0.84260025 ,  0.59486652 ,  0.62174603 ,],
[  0.81347664 ,  0.78900241 ,  0.01232526 ,  0.93684007 ,  0.97695292 ,  0.87669807 ,  0.61966470 ,  0.44918183 ,  0.25251588 ,  0.47504235 ,  0.01740156 ,  0.10203731 ,  0.43559073 ,  0.00255972 ,  0.48102226 ,  0.20769105 ,  0.72682412 ,  0.12601248 ,  0.36178068 ,  0.36412333 ,  0.80707026 ,  0.57712360 ,  0.50707552 ,  0.61771585 ,  0.80718400 ,  0.86069458 ,  0.80797452 ,  0.88950204 ,  0.69852685 ,  0.40446663 ,  0.80336017 ,  0.32071189 ,  0.66998130 ,  0.69631123 ,  0.00317567 ,  0.63750521 ,  0.09084908 ,  0.45405656 ,  0.00744168 ,  0.82613157 ,  0.35531902 ,  0.65740866 ,  0.92475123 ,  0.58455929 ,  0.68673543 ,  0.40032862 ,  0.55555395 ,  0.33267683 ,  0.11996054 ,  0.13608664 ,  0.44112685 ,  0.73002664 ,  0.67306351 ,  0.36645275 ,  0.36456772 ,  0.40192633 ,  0.68823533 ,  0.53453712 ,  0.57538697 ,  0.98958862 ,  0.39077892 ,  0.03057283 ,  0.96029395 ,  0.67776271 ,  0.60820508 ,  0.03181065 ,  0.13927227 ,  0.96117833 ,  0.67023746 ,  0.51719827 ,  0.36219819 ,  0.49532548 ,  0.49653976 ,  0.02777814 ,  0.53087561 ,  0.45435343 ,  0.90265483 ,  0.50020265 ,  0.78118202 ,  0.16671659 ,  0.55328861 ,  0.32270217 ,  0.30703038 ,  0.61058968 ,  0.21152295 ,  0.38686194 ,  0.59616634 ,  0.81819938 ,  0.05942617 ,  0.82538467 ,  0.48334720 ,  0.51046234 ,  0.35666682 ,  0.44871613 ,  0.95584010 ,  0.34893691 ,  0.46609202 ,  0.10277559 ,  0.86661058 ,  0.71164117 ,],
[  0.99417953 ,  0.72416899 ,  0.19482279 ,  0.03777888 ,  0.54187215 ,  0.49349918 ,  0.76968471 ,  0.61465160 ,  0.47504235 ,  0.05298797 ,  0.19738183 ,  0.08461231 ,  0.15511988 ,  0.18079913 ,  0.88292229 ,  0.82764431 ,  0.87272066 ,  0.74771740 ,  0.30153996 ,  0.72308483 ,  0.07468237 ,  0.19961819 ,  0.23169039 ,  0.76469029 ,  0.02625774 ,  0.02146000 ,  0.60869792 ,  0.62998803 ,  0.67261968 ,  0.43359203 ,  0.75790642 ,  0.93646400 ,  0.14767963 ,  0.66176519 ,  0.89218302 ,  0.09740978 ,  0.71607003 ,  0.28990694 ,  0.33510822 ,  0.41231979 ,  0.26741700 ,  0.13305172 ,  0.86975090 ,  0.76876602 ,  0.36231470 ,  0.41531205 ,  0.15127008 ,  0.78041397 ,  0.03789820 ,  0.33795056 ,  0.13593182 ,  0.16374530 ,  0.96883341 ,  0.58064713 ,  0.35462265 ,  0.74129391 ,  0.20295476 ,  0.59096863 ,  0.65056813 ,  0.08316312 ,  0.92629492 ,  0.65174679 ,  0.90041423 ,  0.22823925 ,  0.25630306 ,  0.92238421 ,  0.47248505 ,  0.04500153 ,  0.48414262 ,  0.36951646 ,  0.25019866 ,  0.91363110 ,  0.47948956 ,  0.03263684 ,  0.00865454 ,  0.69135450 ,  0.59787709 ,  0.43862688 ,  0.84755476 ,  0.50104584 ,  0.42934211 ,  0.03124363 ,  0.05934594 ,  0.71813549 ,  0.61283697 ,  0.13810847 ,  0.92215664 ,  0.26591323 ,  0.85855256 ,  0.63086388 ,  0.22015169 ,  0.95508374 ,  0.84682567 ,  0.20759138 ,  0.85140403 ,  0.14352773 ,  0.93728838 ,  0.28438069 ,  0.78479085 ,  0.95326833 ,],
[  0.25471130 ,  0.66072078 ,  0.62691666 ,  0.34591206 ,  0.15691451 ,  0.63211299 ,  0.49713037 ,  0.68927819 ,  0.01740156 ,  0.19738183 ,  0.40167344 ,  0.40530755 ,  0.81584818 ,  0.37391846 ,  0.44965318 ,  0.06362948 ,  0.23117013 ,  0.77580846 ,  0.89124643 ,  0.72047182 ,  0.03251450 ,  0.90222502 ,  0.06136640 ,  0.70756273 ,  0.68021367 ,  0.30167174 ,  0.49521293 ,  0.88501606 ,  0.79757573 ,  0.70356048 ,  0.96049069 ,  0.80563003 ,  0.84743861 ,  0.37650595 ,  0.64955783 ,  0.39456608 ,  0.91467696 ,  0.67576160 ,  0.75467149 ,  0.95269021 ,  0.19381916 ,  0.44608536 ,  0.01604219 ,  0.49725719 ,  0.29989498 ,  0.12092091 ,  0.78404577 ,  0.39410201 ,  0.61578025 ,  0.84343375 ,  0.85512993 ,  0.03850468 ,  0.05362540 ,  0.52653374 ,  0.84533442 ,  0.41614180 ,  0.67732988 ,  0.50730661 ,  0.87822970 ,  0.91807148 ,  0.11749479 ,  0.54463071 ,  0.21106513 ,  0.22801220 ,  0.60318975 ,  0.84415683 ,  0.93656077 ,  0.96810906 ,  0.93574228 ,  0.30217955 ,  0.30497987 ,  0.64509530 ,  0.21887931 ,  0.57892264 ,  0.81862607 ,  0.84502827 ,  0.75148801 ,  0.23011957 ,  0.07130384 ,  0.16743382 ,  0.00316430 ,  0.42799599 ,  0.53330780 ,  0.21091841 ,  0.66060904 ,  0.27578006 ,  0.14081727 ,  0.00609286 ,  0.63460348 ,  0.34877552 ,  0.93325076 ,  0.91750512 ,  0.73799246 ,  0.11888186 ,  0.09852532 ,  0.81362942 ,  0.95932230 ,  0.91790538 ,  0.72738641 ,  0.74563302 ,],
[  0.85290626 ,  0.06897893 ,  0.01838437 ,  0.18311920 ,  0.88434924 ,  0.54564951 ,  0.94064624 ,  0.06744607 ,  0.10203731 ,  0.08461231 ,  0.40530755 ,  0.06510364 ,  0.89216114 ,  0.32437813 ,  0.43636195 ,  0.67260650 ,  0.80962124 ,  0.25560360 ,  0.06655830 ,  0.49625412 ,  0.16674270 ,  0.83775848 ,  0.79221432 ,  0.29642477 ,  0.34348996 ,  0.73734280 ,  0.63020528 ,  0.99359131 ,  0.75405829 ,  0.17883020 ,  0.43169585 ,  0.51487373 ,  0.98007721 ,  0.46250480 ,  0.86359712 ,  0.79614451 ,  0.82396028 ,  0.47864506 ,  0.55337520 ,  0.99123266 ,  0.75310703 ,  0.21639715 ,  0.66992238 ,  0.17511462 ,  0.38862870 ,  0.42204835 ,  0.20073153 ,  0.84333064 ,  0.60114638 ,  0.18731928 ,  0.17270998 ,  0.89135762 ,  0.92820850 ,  0.34118182 ,  0.02741930 ,  0.74649660 ,  0.86893834 ,  0.78462660 ,  0.53897931 ,  0.74566621 ,  0.03127564 ,  0.80096429 ,  0.97864423 ,  0.35007448 ,  0.78750602 ,  0.78960389 ,  0.41385804 ,  0.35078481 ,  0.05756896 ,  0.61444241 ,  0.50663911 ,  0.52525801 ,  0.84399580 ,  0.60617988 ,  0.04644596 ,  0.28105086 ,  0.04658753 ,  0.69847847 ,  0.39899039 ,  0.41475390 ,  0.81791430 ,  0.64840193 ,  0.71076898 ,  0.42736159 ,  0.63795983 ,  0.57638546 ,  0.69302741 ,  0.57888468 ,  0.69119486 ,  0.97802598 ,  0.22805029 ,  0.27570026 ,  0.17150846 ,  0.76013589 ,  0.29043740 ,  0.00634906 ,  0.84685937 ,  0.01126161 ,  0.40271473 ,  0.90788753 ,],
[  0.67556408 ,  0.53691759 ,  0.22164472 ,  0.99743438 ,  0.49823305 ,  0.05584587 ,  0.26907196 ,  0.30728100 ,  0.43559073 ,  0.15511988 ,  0.81584818 ,  0.89216114 ,  0.91561847 ,  0.49188293 ,  0.70333756 ,  0.82866888 ,  0.70065421 ,  0.93534964 ,  0.78552025 ,  0.74218596 ,  0.83150829 ,  0.29531389 ,  0.64016175 ,  0.92557012 ,  0.64900706 ,  0.78679418 ,  0.58145284 ,  0.85812678 ,  0.17627127 ,  0.81052205 ,  0.97432719 ,  0.36718286 ,  0.50366852 ,  0.13294854 ,  0.18775967 ,  0.88729955 ,  0.93841071 ,  0.47076826 ,  0.57469214 ,  0.45630248 ,  0.09968100 ,  0.92053932 ,  0.26734569 ,  0.21553469 ,  0.85010453 ,  0.22414853 ,  0.18846275 ,  0.01738255 ,  0.55840550 ,  0.49473135 ,  0.38346639 ,  0.72153946 ,  0.72852258 ,  0.31364912 ,  0.10667823 ,  0.92896881 ,  0.68836485 ,  0.10742937 ,  0.88556670 ,  0.87617572 ,  0.84504867 ,  0.70043262 ,  0.84573567 ,  0.69323710 ,  0.47244187 ,  0.26675427 ,  0.80531052 ,  0.63379853 ,  0.33211772 ,  0.64191524 ,  0.35682197 ,  0.72986146 ,  0.33938576 ,  0.84252231 ,  0.48356930 ,  0.05248224 ,  0.85333315 ,  0.54003494 ,  0.23000407 ,  0.72749382 ,  0.08693202 ,  0.55100175 ,  0.86115692 ,  0.81658028 ,  0.75198724 ,  0.97770439 ,  0.72541503 ,  0.35771061 ,  0.20040560 ,  0.54577895 ,  0.53827875 ,  0.40380148 ,  0.86258175 ,  0.51572055 ,  0.27792780 ,  0.24268154 ,  0.81453613 ,  0.11628442 ,  0.41020902 ,  0.35215798 ,],
[  0.48058753 ,  0.57924374 ,  0.23876402 ,  0.86363623 ,  0.55541325 ,  0.22327807 ,  0.26296445 ,  0.90163840 ,  0.00255972 ,  0.18079913 ,  0.37391846 ,  0.32437813 ,  0.49188293 ,  0.58301281 ,  0.92024384 ,  0.12726535 ,  0.06592596 ,  0.18654631 ,  0.10212181 ,  0.34355765 ,  0.84897055 ,  0.69310093 ,  0.04578695 ,  0.93045587 ,  0.56241596 ,  0.64128373 ,  0.02652002 ,  0.75911896 ,  0.91022434 ,  0.60119545 ,  0.86450109 ,  0.15341606 ,  0.90883305 ,  0.92027888 ,  0.41028898 ,  0.21986888 ,  0.97545629 ,  0.78970000 ,  0.98116075 ,  0.60938534 ,  0.11724187 ,  0.35427558 ,  0.80458936 ,  0.35481634 ,  0.43138323 ,  0.46293100 ,  0.05330007 ,  0.43076576 ,  0.53365092 ,  0.21438111 ,  0.11539618 ,  0.41274613 ,  0.64678164 ,  0.05512063 ,  0.36400400 ,  0.86322737 ,  0.97934249 ,  0.21068318 ,  0.88741493 ,  0.48954138 ,  0.96105982 ,  0.78615112 ,  0.47388792 ,  0.52131670 ,  0.85530376 ,  0.86853625 ,  0.36094905 ,  0.61455192 ,  0.56657563 ,  0.41340660 ,  0.12830482 ,  0.83841697 ,  0.61951192 ,  0.86878854 ,  0.24297985 ,  0.06119415 ,  0.57369416 ,  0.91746459 ,  0.13267682 ,  0.81556411 ,  0.35060687 ,  0.82601344 ,  0.97372459 ,  0.21217125 ,  0.90615052 ,  0.17200052 ,  0.33083526 ,  0.14072492 ,  0.43518662 ,  0.83599953 ,  0.23422303 ,  0.87799730 ,  0.33243536 ,  0.73963621 ,  0.49608400 ,  0.10414771 ,  0.64887124 ,  0.24495649 ,  0.45934581 ,  0.61762159 ,],
[  0.81157257 ,  0.63964697 ,  0.90513740 ,  0.46692463 ,  0.83853381 ,  0.43182386 ,  0.51117575 ,  0.81536455 ,  0.48102226 ,  0.88292229 ,  0.44965318 ,  0.43636195 ,  0.70333756 ,  0.92024384 ,  0.72714934 ,  0.57153104 ,  0.06959022 ,  0.40374513 ,  0.86483630 ,  0.37548636 ,  0.30660182 ,  0.67369904 ,  0.88767175 ,  0.59870689 ,  0.46850174 ,  0.53043297 ,  0.64127843 ,  0.24130886 ,  0.83354249 ,  0.76663089 ,  0.79036517 ,  0.91648262 ,  0.97535726 ,  0.41049087 ,  0.27623693 ,  0.07933952 ,  0.10730987 ,  0.80053397 ,  0.78564163 ,  0.62448585 ,  0.55762168 ,  0.80977014 ,  0.97019853 ,  0.07186505 ,  0.50031017 ,  0.28132389 ,  0.16366079 ,  0.34614639 ,  0.73191759 ,  0.67177477 ,  0.19479169 ,  0.06132830 ,  0.45674435 ,  0.90982302 ,  0.28337918 ,  0.68000484 ,  0.08659345 ,  0.54869286 ,  0.14724804 ,  0.18467613 ,  0.11524776 ,  0.01181171 ,  0.13146415 ,  0.07725975 ,  0.51082380 ,  0.70173138 ,  0.99027233 ,  0.11452296 ,  0.97074669 ,  0.25451955 ,  0.11266690 ,  0.16268383 ,  0.15757199 ,  0.77692792 ,  0.16202568 ,  0.27675466 ,  0.06572041 ,  0.88196262 ,  0.02411665 ,  0.61960598 ,  0.87472065 ,  0.79095490 ,  0.17788284 ,  0.84834410 ,  0.85153001 ,  0.31726528 ,  0.24188243 ,  0.65315078 ,  0.04493991 ,  0.47364754 ,  0.19746462 ,  0.16469619 ,  0.38506061 ,  0.33384811 ,  0.37770083 ,  0.11693256 ,  0.16806094 ,  0.25095406 ,  0.61878113 ,  0.40390975 ,],
[  0.44639349 ,  0.70533078 ,  0.50613621 ,  0.15795179 ,  0.55096346 ,  0.83993975 ,  0.23541827 ,  0.35379489 ,  0.20769105 ,  0.82764431 ,  0.06362948 ,  0.67260650 ,  0.82866888 ,  0.12726535 ,  0.57153104 ,  0.78997106 ,  0.06559150 ,  0.26024446 ,  0.54089965 ,  0.68264030 ,  0.00013098 ,  0.78469601 ,  0.42802805 ,  0.30567860 ,  0.79442049 ,  0.86858656 ,  0.00537293 ,  0.70339628 ,  0.43014560 ,  0.70261213 ,  0.85317386 ,  0.88134219 ,  0.87222890 ,  0.42206270 ,  0.89003440 ,  0.99603023 ,  0.07699670 ,  0.98398816 ,  0.37274564 ,  0.04063907 ,  0.56592917 ,  0.88811477 ,  0.39018616 ,  0.49534238 ,  0.89450661 ,  0.86534847 ,  0.95729840 ,  0.68574068 ,  0.81702582 ,  0.66501613 ,  0.89990976 ,  0.63490196 ,  0.08257138 ,  0.98602210 ,  0.21258041 ,  0.20928977 ,  0.14931507 ,  0.11115069 ,  0.26272200 ,  0.47943757 ,  0.16745238 ,  0.42759069 ,  0.00683646 ,  0.39970994 ,  0.36526929 ,  0.72666374 ,  0.58231472 ,  0.15840722 ,  0.39517720 ,  0.91517011 ,  0.08307247 ,  0.43776999 ,  0.49075511 ,  0.75994614 ,  0.33461398 ,  0.12102944 ,  0.18541552 ,  0.27261998 ,  0.59128326 ,  0.68555121 ,  0.84744786 ,  0.33832549 ,  0.92341361 ,  0.61391649 ,  0.53088967 ,  0.85239441 ,  0.72991684 ,  0.89693917 ,  0.28468401 ,  0.26603636 ,  0.41121921 ,  0.77628282 ,  0.18376653 ,  0.76658030 ,  0.36504930 ,  0.34879624 ,  0.67965359 ,  0.69113906 ,  0.01981570 ,  0.46578764 ,],
[  0.44569395 ,  0.90037397 ,  0.46550789 ,  0.43923416 ,  0.76258761 ,  0.88133257 ,  0.52928806 ,  0.52316048 ,  0.72682412 ,  0.87272066 ,  0.23117013 ,  0.80962124 ,  0.70065421 ,  0.06592596 ,  0.06959022 ,  0.06559150 ,  0.96535845 ,  0.32677595 ,  0.87380486 ,  0.96796305 ,  0.34938903 ,  0.52094260 ,  0.91029964 ,  0.12776039 ,  0.86691775 ,  0.53492511 ,  0.50506455 ,  0.33173669 ,  0.46827313 ,  0.61980533 ,  0.88784424 ,  0.62312212 ,  0.25028908 ,  0.36249239 ,  0.19298713 ,  0.69495472 ,  0.88120690 ,  0.53597029 ,  0.41170876 ,  0.01710427 ,  0.20103458 ,  0.77134116 ,  0.17936366 ,  0.22636245 ,  0.21031220 ,  0.62486726 ,  0.36525296 ,  0.68665395 ,  0.38730987 ,  0.81855475 ,  0.42531331 ,  0.81460180 ,  0.45304879 ,  0.17229099 ,  0.47208649 ,  0.35258149 ,  0.66156091 ,  0.26477591 ,  0.98132713 ,  0.37026555 ,  0.51117780 ,  0.91268600 ,  0.31420514 ,  0.30309395 ,  0.13307705 ,  0.21754127 ,  0.70330081 ,  0.12250856 ,  0.69508214 ,  0.75302502 ,  0.09433678 ,  0.21615451 ,  0.21572897 ,  0.76811450 ,  0.28189157 ,  0.96586527 ,  0.40862774 ,  0.52702598 ,  0.85881954 ,  0.27760826 ,  0.88883856 ,  0.64948543 ,  0.21116188 ,  0.47182218 ,  0.73022289 ,  0.07712639 ,  0.69914360 ,  0.20025694 ,  0.04243557 ,  0.66818113 ,  0.46777567 ,  0.14989869 ,  0.06701550 ,  0.66454161 ,  0.44352691 ,  0.76462189 ,  0.54134814 ,  0.52280933 ,  0.44713623 ,  0.84343883 ,],
[  0.41050989 ,  0.00353018 ,  0.67346444 ,  0.03560165 ,  0.85802720 ,  0.57551678 ,  0.82621801 ,  0.26106926 ,  0.12601248 ,  0.74771740 ,  0.77580846 ,  0.25560360 ,  0.93534964 ,  0.18654631 ,  0.40374513 ,  0.26024446 ,  0.32677595 ,  0.75244992 ,  0.68500887 ,  0.96705966 ,  0.88783373 ,  0.97391853 ,  0.35909046 ,  0.53375878 ,  0.80509315 ,  0.65386925 ,  0.33439413 ,  0.75398345 ,  0.58625907 ,  0.47688209 ,  0.58569438 ,  0.21760875 ,  0.13542658 ,  0.92819507 ,  0.79242996 ,  0.74976415 ,  0.17038646 ,  0.22132053 ,  0.04765831 ,  0.87041474 ,  0.62206616 ,  0.42580088 ,  0.46992313 ,  0.11436270 ,  0.07459518 ,  0.18689630 ,  0.14328824 ,  0.31797962 ,  0.15175172 ,  0.23223249 ,  0.92360322 ,  0.56948646 ,  0.51004935 ,  0.27354360 ,  0.15594276 ,  0.62390649 ,  0.90467557 ,  0.66674061 ,  0.82516681 ,  0.36880699 ,  0.06868708 ,  0.88304191 ,  0.28721147 ,  0.88114112 ,  0.72185974 ,  0.07143382 ,  0.95098794 ,  0.80539462 ,  0.42760236 ,  0.94533992 ,  0.70013797 ,  0.00971062 ,  0.51356305 ,  0.80123471 ,  0.40101545 ,  0.74392914 ,  0.24078707 ,  0.97823979 ,  0.98164604 ,  0.76204659 ,  0.46812997 ,  0.50067425 ,  0.19947331 ,  0.97671573 ,  0.67428932 ,  0.73826572 ,  0.05074728 ,  0.35270432 ,  0.61766804 ,  0.13510928 ,  0.73015620 ,  0.76942369 ,  0.81779990 ,  0.18501379 ,  0.97093160 ,  0.77920492 ,  0.90606547 ,  0.44582722 ,  0.08871445 ,  0.92116953 ,],
[  0.02994652 ,  0.05046357 ,  0.02048915 ,  0.34404873 ,  0.84564623 ,  0.31184450 ,  0.65898790 ,  0.87509054 ,  0.36178068 ,  0.30153996 ,  0.89124643 ,  0.06655830 ,  0.78552025 ,  0.10212181 ,  0.86483630 ,  0.54089965 ,  0.87380486 ,  0.68500887 ,  0.22560117 ,  0.49230557 ,  0.06297040 ,  0.86366975 ,  0.74173835 ,  0.96179670 ,  0.21156819 ,  0.17708388 ,  0.15500394 ,  0.05713817 ,  0.09366561 ,  0.50152178 ,  0.44863442 ,  0.64281207 ,  0.90613862 ,  0.88630330 ,  0.27178719 ,  0.71380665 ,  0.15813390 ,  0.38294720 ,  0.00453960 ,  0.17624108 ,  0.50677320 ,  0.06308084 ,  0.73698284 ,  0.35627327 ,  0.52181823 ,  0.81868939 ,  0.98636481 ,  0.46247863 ,  0.56764400 ,  0.00100082 ,  0.61330620 ,  0.58079084 ,  0.54768301 ,  0.64874020 ,  0.52451420 ,  0.32881331 ,  0.61756619 ,  0.99704191 ,  0.21430222 ,  0.54092251 ,  0.09947646 ,  0.51471625 ,  0.24703216 ,  0.63361886 ,  0.81481765 ,  0.26483664 ,  0.51772321 ,  0.65184748 ,  0.59900853 ,  0.34133201 ,  0.25946526 ,  0.21043233 ,  0.84150511 ,  0.07241787 ,  0.06537650 ,  0.59528894 ,  0.72856389 ,  0.64433678 ,  0.03145623 ,  0.12852112 ,  0.12721491 ,  0.96522170 ,  0.58299542 ,  0.77423896 ,  0.47269417 ,  0.04992576 ,  0.54194829 ,  0.22701708 ,  0.92492535 ,  0.63798150 ,  0.44718045 ,  0.43201164 ,  0.03024899 ,  0.57586519 ,  0.26560297 ,  0.99678847 ,  0.36595089 ,  0.51356864 ,  0.71135813 ,  0.41831765 ,],
[  0.56329324 ,  0.28839237 ,  0.96787109 ,  0.31762247 ,  0.72175926 ,  0.59652937 ,  0.74628471 ,  0.97078278 ,  0.36412333 ,  0.72308483 ,  0.72047182 ,  0.49625412 ,  0.74218596 ,  0.34355765 ,  0.37548636 ,  0.68264030 ,  0.96796305 ,  0.96705966 ,  0.49230557 ,  0.41765500 ,  0.10674099 ,  0.18566675 ,  0.95724851 ,  0.49508143 ,  0.51106878 ,  0.93453562 ,  0.87555446 ,  0.96261676 ,  0.72331584 ,  0.08611513 ,  0.05425903 ,  0.59812579 ,  0.74816685 ,  0.05248353 ,  0.57461451 ,  0.58567273 ,  0.37967792 ,  0.31653798 ,  0.59513856 ,  0.48882738 ,  0.25178919 ,  0.84911475 ,  0.33447626 ,  0.48115786 ,  0.95089334 ,  0.53885177 ,  0.72782258 ,  0.04018228 ,  0.69285736 ,  0.71751043 ,  0.41149860 ,  0.63801315 ,  0.21789313 ,  0.22894653 ,  0.24884281 ,  0.83021328 ,  0.70174152 ,  0.12174858 ,  0.70302695 ,  0.28189390 ,  0.46159475 ,  0.82603578 ,  0.21372735 ,  0.19272420 ,  0.30007550 ,  0.03357308 ,  0.75075111 ,  0.94586106 ,  0.22856726 ,  0.79866610 ,  0.14585011 ,  0.89158973 ,  0.78619283 ,  0.49231952 ,  0.09313656 ,  0.00227700 ,  0.08977855 ,  0.57762169 ,  0.16476659 ,  0.30282455 ,  0.68506468 ,  0.49086386 ,  0.88418860 ,  0.91840162 ,  0.12048655 ,  0.51711579 ,  0.29121233 ,  0.46601558 ,  0.53631684 ,  0.25923974 ,  0.06193082 ,  0.66758474 ,  0.74514433 ,  0.54944597 ,  0.31643967 ,  0.48821688 ,  0.35184665 ,  0.56935838 ,  0.55524113 ,  0.80104162 ,],
[  0.43966946 ,  0.82644833 ,  0.98845656 ,  0.57157198 ,  0.12160899 ,  0.57841007 ,  0.12725527 ,  0.53461116 ,  0.80707026 ,  0.07468237 ,  0.03251450 ,  0.16674270 ,  0.83150829 ,  0.84897055 ,  0.30660182 ,  0.00013098 ,  0.34938903 ,  0.88783373 ,  0.06297040 ,  0.10674099 ,  0.29076685 ,  0.56195286 ,  0.01381365 ,  0.58775946 ,  0.28582808 ,  0.81517758 ,  0.27841908 ,  0.24169471 ,  0.02758154 ,  0.17597089 ,  0.97573448 ,  0.45099353 ,  0.74054146 ,  0.89075122 ,  0.51506924 ,  0.20056869 ,  0.11548761 ,  0.43466287 ,  0.77304150 ,  0.76142601 ,  0.67197359 ,  0.71375622 ,  0.63435625 ,  0.12100897 ,  0.61282240 ,  0.73748757 ,  0.29704546 ,  0.74858501 ,  0.64972819 ,  0.08270714 ,  0.00043062 ,  0.02788646 ,  0.01416071 ,  0.73516746 ,  0.72025520 ,  0.60299065 ,  0.76036580 ,  0.11066768 ,  0.99920160 ,  0.93534415 ,  0.75738943 ,  0.41504554 ,  0.10735253 ,  0.26000110 ,  0.27885343 ,  0.19136115 ,  0.01323133 ,  0.83843231 ,  0.60790193 ,  0.17849001 ,  0.58035444 ,  0.95196675 ,  0.67634848 ,  0.08843041 ,  0.91016443 ,  0.99614529 ,  0.36618659 ,  0.88631114 ,  0.12722774 ,  0.32577252 ,  0.88150883 ,  0.56650184 ,  0.52727927 ,  0.94494278 ,  0.78973506 ,  0.66535915 ,  0.88518313 ,  0.02895290 ,  0.78519871 ,  0.38370760 ,  0.22475622 ,  0.06541053 ,  0.52046360 ,  0.52189967 ,  0.59185695 ,  0.36316786 ,  0.40633125 ,  0.58478652 ,  0.55422216 ,  0.33557064 ,],
[  0.60597774 ,  0.99338709 ,  0.06793547 ,  0.58301512 ,  0.64166839 ,  0.00817273 ,  0.99776559 ,  0.31533645 ,  0.57712360 ,  0.19961819 ,  0.90222502 ,  0.83775848 ,  0.29531389 ,  0.69310093 ,  0.67369904 ,  0.78469601 ,  0.52094260 ,  0.97391853 ,  0.86366975 ,  0.18566675 ,  0.56195286 ,  0.11613039 ,  0.94542461 ,  0.36420106 ,  0.91411770 ,  0.83636672 ,  0.50157388 ,  0.58474104 ,  0.29609569 ,  0.13251936 ,  0.15922286 ,  0.69261490 ,  0.13407169 ,  0.92362406 ,  0.58871101 ,  0.86104973 ,  0.91203035 ,  0.80787377 ,  0.12547515 ,  0.05347737 ,  0.11062755 ,  0.95528988 ,  0.49759643 ,  0.67478619 ,  0.95659892 ,  0.69071311 ,  0.20835322 ,  0.42703592 ,  0.16229828 ,  0.76414889 ,  0.47334081 ,  0.11737451 ,  0.40926731 ,  0.88767542 ,  0.71478140 ,  0.96733332 ,  0.08307475 ,  0.01695516 ,  0.43952516 ,  0.59230587 ,  0.26162934 ,  0.46836272 ,  0.62742744 ,  0.16476804 ,  0.94520710 ,  0.71614184 ,  0.73235409 ,  0.93755922 ,  0.36534057 ,  0.66813647 ,  0.25996126 ,  0.93140339 ,  0.81536038 ,  0.59007132 ,  0.04442916 ,  0.21202053 ,  0.32476557 ,  0.46562889 ,  0.30111795 ,  0.38226895 ,  0.45352328 ,  0.39392325 ,  0.13947963 ,  0.33761368 ,  0.90039643 ,  0.38545185 ,  0.88655981 ,  0.97430480 ,  0.69805469 ,  0.01963160 ,  0.00018110 ,  0.05665800 ,  0.74621603 ,  0.96019754 ,  0.04152187 ,  0.77126327 ,  0.45638907 ,  0.00962609 ,  0.39608426 ,  0.38656851 ,],
[  0.63970545 ,  0.03343625 ,  0.15569293 ,  0.08476692 ,  0.32312675 ,  0.91612497 ,  0.44178103 ,  0.34113062 ,  0.50707552 ,  0.23169039 ,  0.06136640 ,  0.79221432 ,  0.64016175 ,  0.04578695 ,  0.88767175 ,  0.42802805 ,  0.91029964 ,  0.35909046 ,  0.74173835 ,  0.95724851 ,  0.01381365 ,  0.94542461 ,  0.55286833 ,  0.02638420 ,  0.76984410 ,  0.56020104 ,  0.56238585 ,  0.70966023 ,  0.40782078 ,  0.46620278 ,  0.63185089 ,  0.51971438 ,  0.58247254 ,  0.99239839 ,  0.49854201 ,  0.35835430 ,  0.66127728 ,  0.74851724 ,  0.15050070 ,  0.92019906 ,  0.98617489 ,  0.66404662 ,  0.57642813 ,  0.49296627 ,  0.33318175 ,  0.03458364 ,  0.90322875 ,  0.64959103 ,  0.59715019 ,  0.59785632 ,  0.28592178 ,  0.96541448 ,  0.99089455 ,  0.60059561 ,  0.86855389 ,  0.12575213 ,  0.29563075 ,  0.15129375 ,  0.25495092 ,  0.21710200 ,  0.97797750 ,  0.63126549 ,  0.98400426 ,  0.76995453 ,  0.72387177 ,  0.60699521 ,  0.75765309 ,  0.89901576 ,  0.17218108 ,  0.48450198 ,  0.47632584 ,  0.55955932 ,  0.50196385 ,  0.67047786 ,  0.19660166 ,  0.75673753 ,  0.73559847 ,  0.55692212 ,  0.41026482 ,  0.49726796 ,  0.65376589 ,  0.93609350 ,  0.46010830 ,  0.27883037 ,  0.81921633 ,  0.39325404 ,  0.74341080 ,  0.68661332 ,  0.14984214 ,  0.27736099 ,  0.02643959 ,  0.11039587 ,  0.04889341 ,  0.66716610 ,  0.73415678 ,  0.50582511 ,  0.31887785 ,  0.28428083 ,  0.45105983 ,  0.56517590 ,],
[  0.49816762 ,  0.99202799 ,  0.55300543 ,  0.48476311 ,  0.92480084 ,  0.61715552 ,  0.27017079 ,  0.04361560 ,  0.61771585 ,  0.76469029 ,  0.70756273 ,  0.29642477 ,  0.92557012 ,  0.93045587 ,  0.59870689 ,  0.30567860 ,  0.12776039 ,  0.53375878 ,  0.96179670 ,  0.49508143 ,  0.58775946 ,  0.36420106 ,  0.02638420 ,  0.68797134 ,  0.84050798 ,  0.07610992 ,  0.85779030 ,  0.47082025 ,  0.13205941 ,  0.02267644 ,  0.59281850 ,  0.94743976 ,  0.89945258 ,  0.05862375 ,  0.64045844 ,  0.93740797 ,  0.71617043 ,  0.02341651 ,  0.53592048 ,  0.83749248 ,  0.43340266 ,  0.03499134 ,  0.36549411 ,  0.12097651 ,  0.67968105 ,  0.95872516 ,  0.94331366 ,  0.68855328 ,  0.60210127 ,  0.37573659 ,  0.15453823 ,  0.78503966 ,  0.61311443 ,  0.06397064 ,  0.87597561 ,  0.31841404 ,  0.91787712 ,  0.22048121 ,  0.46348556 ,  0.87023377 ,  0.32332092 ,  0.08231408 ,  0.57983011 ,  0.64226745 ,  0.51761536 ,  0.39939183 ,  0.09770067 ,  0.93712991 ,  0.19895130 ,  0.36957159 ,  0.16283617 ,  0.62549218 ,  0.03955960 ,  0.64125031 ,  0.77543965 ,  0.41356713 ,  0.42729899 ,  0.04821636 ,  0.81343546 ,  0.76674113 ,  0.06935736 ,  0.92514666 ,  0.20952951 ,  0.76402768 ,  0.15762447 ,  0.61721456 ,  0.28582960 ,  0.73596816 ,  0.66585900 ,  0.71289794 ,  0.25744980 ,  0.32791940 ,  0.74723843 ,  0.44491178 ,  0.09860604 ,  0.45150690 ,  0.69905575 ,  0.65639151 ,  0.60572710 ,  0.57148693 ,],
[  0.52268450 ,  0.14253855 ,  0.44628970 ,  0.77451737 ,  0.53103408 ,  0.49538282 ,  0.89978832 ,  0.53233953 ,  0.80718400 ,  0.02625774 ,  0.68021367 ,  0.34348996 ,  0.64900706 ,  0.56241596 ,  0.46850174 ,  0.79442049 ,  0.86691775 ,  0.80509315 ,  0.21156819 ,  0.51106878 ,  0.28582808 ,  0.91411770 ,  0.76984410 ,  0.84050798 ,  0.41390418 ,  0.49320018 ,  0.12132874 ,  0.64927961 ,  0.30901341 ,  0.70632622 ,  0.69207019 ,  0.47960513 ,  0.38792562 ,  0.55133487 ,  0.26267390 ,  0.22948858 ,  0.80159724 ,  0.34341733 ,  0.14452362 ,  0.85320317 ,  0.98827325 ,  0.64434346 ,  0.83955214 ,  0.05281535 ,  0.20874103 ,  0.69894651 ,  0.47685555 ,  0.63947754 ,  0.64277938 ,  0.41623124 ,  0.32954777 ,  0.25137829 ,  0.20116725 ,  0.02349540 ,  0.42145545 ,  0.56347491 ,  0.84000471 ,  0.42497368 ,  0.06218859 ,  0.42599180 ,  0.21992681 ,  0.86845774 ,  0.02182259 ,  0.94370132 ,  0.30324069 ,  0.08247280 ,  0.55300185 ,  0.01783173 ,  0.50791020 ,  0.51985644 ,  0.60210767 ,  0.07629473 ,  0.26121246 ,  0.52340070 ,  0.30246432 ,  0.28073357 ,  0.92758467 ,  0.32508525 ,  0.98077377 ,  0.74442232 ,  0.75031317 ,  0.49110135 ,  0.10317852 ,  0.82205583 ,  0.12876431 ,  0.80801587 ,  0.31170666 ,  0.49700673 ,  0.82285995 ,  0.33856601 ,  0.59197356 ,  0.82047662 ,  0.01516100 ,  0.75330121 ,  0.09851753 ,  0.47636872 ,  0.62397428 ,  0.57390467 ,  0.72146169 ,  0.42445863 ,],
[  0.60501793 ,  0.90138681 ,  0.90280269 ,  0.61956514 ,  0.47718389 ,  0.98637061 ,  0.80273992 ,  0.67558115 ,  0.86069458 ,  0.02146000 ,  0.30167174 ,  0.73734280 ,  0.78679418 ,  0.64128373 ,  0.53043297 ,  0.86858656 ,  0.53492511 ,  0.65386925 ,  0.17708388 ,  0.93453562 ,  0.81517758 ,  0.83636672 ,  0.56020104 ,  0.07610992 ,  0.49320018 ,  0.27454571 ,  0.89134164 ,  0.65942293 ,  0.39165951 ,  0.05418800 ,  0.16387010 ,  0.65277783 ,  0.35719564 ,  0.27277998 ,  0.29020485 ,  0.02630590 ,  0.55338054 ,  0.27527086 ,  0.01091151 ,  0.84061169 ,  0.02730277 ,  0.49871055 ,  0.74808420 ,  0.02629729 ,  0.47977750 ,  0.52858779 ,  0.67699025 ,  0.75388484 ,  0.15219590 ,  0.92804427 ,  0.67695803 ,  0.51670319 ,  0.05097412 ,  0.85218502 ,  0.74655651 ,  0.03176077 ,  0.39490932 ,  0.43226816 ,  0.64797384 ,  0.20597039 ,  0.68149526 ,  0.86331558 ,  0.28596108 ,  0.88003234 ,  0.96272400 ,  0.71422554 ,  0.03301988 ,  0.92568745 ,  0.15205094 ,  0.83051509 ,  0.17307564 ,  0.90790748 ,  0.28750952 ,  0.50358794 ,  0.69829285 ,  0.13443969 ,  0.00795477 ,  0.10006391 ,  0.75330310 ,  0.41632528 ,  0.57200685 ,  0.33687943 ,  0.66409484 ,  0.52314993 ,  0.28774722 ,  0.60628624 ,  0.34341815 ,  0.81353753 ,  0.84634540 ,  0.60820738 ,  0.35948387 ,  0.21986898 ,  0.61569454 ,  0.15283443 ,  0.53491663 ,  0.83331011 ,  0.50462404 ,  0.09774725 ,  0.12416034 ,  0.13854612 ,],
[  0.69768610 ,  0.02865478 ,  0.04385608 ,  0.40154492 ,  0.23080373 ,  0.33821941 ,  0.52690716 ,  0.83503336 ,  0.80797452 ,  0.60869792 ,  0.49521293 ,  0.63020528 ,  0.58145284 ,  0.02652002 ,  0.64127843 ,  0.00537293 ,  0.50506455 ,  0.33439413 ,  0.15500394 ,  0.87555446 ,  0.27841908 ,  0.50157388 ,  0.56238585 ,  0.85779030 ,  0.12132874 ,  0.89134164 ,  0.35974751 ,  0.25159375 ,  0.32672503 ,  0.02373887 ,  0.38337758 ,  0.87636015 ,  0.34933703 ,  0.57696224 ,  0.76584913 ,  0.74774914 ,  0.40196553 ,  0.54882303 ,  0.31298037 ,  0.80659187 ,  0.15183265 ,  0.19411118 ,  0.36926235 ,  0.31421145 ,  0.93212209 ,  0.00791816 ,  0.87841570 ,  0.51610026 ,  0.06155576 ,  0.62661726 ,  0.39394147 ,  0.74546626 ,  0.35090171 ,  0.07926092 ,  0.94600914 ,  0.97775639 ,  0.45216376 ,  0.54306064 ,  0.72164992 ,  0.69374601 ,  0.90180042 ,  0.48171055 ,  0.61938026 ,  0.86356587 ,  0.14240117 ,  0.78713509 ,  0.45388208 ,  0.90730544 ,  0.47763129 ,  0.94277437 ,  0.11328183 ,  0.77866237 ,  0.21541901 ,  0.15777533 ,  0.44323538 ,  0.83348983 ,  0.51881795 ,  0.91503461 ,  0.74925830 ,  0.06720533 ,  0.59245188 ,  0.63856894 ,  0.92853044 ,  0.98766042 ,  0.52595812 ,  0.04547004 ,  0.28132664 ,  0.07996651 ,  0.41391944 ,  0.42802214 ,  0.93437542 ,  0.80341145 ,  0.65584789 ,  0.37558564 ,  0.69316492 ,  0.71509365 ,  0.81789448 ,  0.86448347 ,  0.37795687 ,  0.84513434 ,],
[  0.14231317 ,  0.13740323 ,  0.45248283 ,  0.46239073 ,  0.38056480 ,  0.42746720 ,  0.45659416 ,  0.85163770 ,  0.88950204 ,  0.62998803 ,  0.88501606 ,  0.99359131 ,  0.85812678 ,  0.75911896 ,  0.24130886 ,  0.70339628 ,  0.33173669 ,  0.75398345 ,  0.05713817 ,  0.96261676 ,  0.24169471 ,  0.58474104 ,  0.70966023 ,  0.47082025 ,  0.64927961 ,  0.65942293 ,  0.25159375 ,  0.01537351 ,  0.86638708 ,  0.15805102 ,  0.03274141 ,  0.28025629 ,  0.87513383 ,  0.10289302 ,  0.39315031 ,  0.10229757 ,  0.69365814 ,  0.43361626 ,  0.03240666 ,  0.72553315 ,  0.64926684 ,  0.46526005 ,  0.81840139 ,  0.50133867 ,  0.59872200 ,  0.15743159 ,  0.98975467 ,  0.78907943 ,  0.21401470 ,  0.64128604 ,  0.61205435 ,  0.92603721 ,  0.30282390 ,  0.07514515 ,  0.02478911 ,  0.43718111 ,  0.97189784 ,  0.42646596 ,  0.63728538 ,  0.86579584 ,  0.00039066 ,  0.66146636 ,  0.49828251 ,  0.85823961 ,  0.29264993 ,  0.71722647 ,  0.41503251 ,  0.17976594 ,  0.49158651 ,  0.31130211 ,  0.88562838 ,  0.76437949 ,  0.40933015 ,  0.14674915 ,  0.31357098 ,  0.79439910 ,  0.89900119 ,  0.85564916 ,  0.48369677 ,  0.28336656 ,  0.78894184 ,  0.75173886 ,  0.13246630 ,  0.68349731 ,  0.82597237 ,  0.76556118 ,  0.35140758 ,  0.37581944 ,  0.42129639 ,  0.39863118 ,  0.97552778 ,  0.05073726 ,  0.20826673 ,  0.52172725 ,  0.37000169 ,  0.34545832 ,  0.98890544 ,  0.74170747 ,  0.87590377 ,  0.65022557 ,],
