import numpy as np
A = [
    [0.31559786,  0.40811495,  0.67074285,  0.49634746,  0.45003929,
        0.17154422,  0.80258140,  0.24641251,  0.95870036,  0.15130810, ],
    [0.40811495,  0.15013471,  0.35803287,  0.96610987,  0.81127409,
        0.61243648,  0.41273841,  0.76186386,  0.67198447,  0.30617594, ],
    [0.67074285,  0.35803287,  0.20835559,  0.05736117,  0.45620851,
        0.07034869,  0.84107779,  0.50753022,  0.32681927,  0.81303868, ],
    [0.49634746,  0.96610987,  0.05736117,  0.73694881,  0.03659071,
        0.37989981,  0.85994257,  0.70262102,  0.02904905,  0.99238589, ],
    [0.45003929,  0.81127409,  0.45620851,  0.03659071,  0.44290905,
        0.14661164,  0.14968722,  0.79845458,  0.05188427,  0.16611851, ],
    [0.17154422,  0.61243648,  0.07034869,  0.37989981,  0.14661164,
        0.45486026,  0.29131422,  0.95043926,  0.47343091,  0.96272590, ],
    [0.80258140,  0.41273841,  0.84107779,  0.85994257,  0.14968722,
        0.29131422,  0.29309699,  0.77268915,  0.48390931,  0.28370011, ],
    [0.24641251,  0.76186386,  0.50753022,  0.70262102,  0.79845458,
        0.95043926,  0.77268915,  0.24638454,  0.27634018,  0.45921550, ],
    [0.95870036,  0.67198447,  0.32681927,  0.02904905,  0.05188427,
        0.47343091,  0.48390931,  0.27634018,  0.50359454,  0.90306462, ],
    [0.15130810,  0.30617594,  0.81303868,  0.99238589,  0.16611851,
        0.96272590,  0.28370011,  0.45921550,  0.90306462,  0.59552468, ],
]
print(np.linalg.eigvals(A))

B = [
    [0.31559786,  0.40811495, -1.60470436,  0.00000000,  0.00000000,
        0.00000000,  0.00000000,  0.00000000,  0.00000000,  0.00000000, ],
    [0.40811495,  0.15013471, -1.49522054, -1.07480780,  0.00000000,
        0.00000000,  0.00000000,  0.00000000,  0.00000000,  0.00000000, ],
    [-1.60470436, -1.49522054,  2.50453323,  1.14423541, -1.54789405,
        0.00000000,  0.00000000,  0.00000000,  0.00000000,  0.00000000, ],
    [0.00000000, -1.07480780,  1.14423541,  1.10454832, -0.70214025,
        0.34296931,  0.00000000,  0.00000000,  0.00000000,  0.00000000, ],
    [0.00000000,  0.00000000, -1.54789405, -0.70214025,  0.09949746, -
        0.06738047,  0.78791693,  0.00000000,  0.00000000,  0.00000000, ],
    [0.00000000,  0.00000000,  0.00000000,  0.34296931, -0.06738047, -
        0.59804267, -0.06024895, -0.56095199,  0.00000000,  0.00000000, ],
    [0.00000000,  0.00000000,  0.00000000,  0.00000000,  0.78791693, -
        0.06024895, -0.24179398, -0.05019687, -0.75981897,  0.00000000, ],
    [0.00000000,  0.00000000,  0.00000000,  0.00000000,  0.00000000, -
        0.56095199, -0.05019687,  0.09317637, -0.11183735,  0.40307541, ],
    [0.00000000,  0.00000000,  0.00000000,  0.00000000,  0.00000000,
        0.00000000, -0.75981897, -0.11183735,  0.22648751,  0.06779645, ],
    [0.00000000,  0.00000000,  0.00000000,  0.00000000,  0.00000000,
        0.00000000,  0.00000000,  0.40307541,  0.06779645,  0.29326821, ],
]
print(np.linalg.eigvals(B))
