import numpy as np
import matplotlib.pyplot as plt

# 10x10のダミーデータ作成
mat = [
    [6.10929918,  9.92137009, -52.82014851,  0.00000099, -0.00000112,  0.00000087, -0.00000181, -0.00000265,  0.00000321, -0.00000077, -0.00000002, -0.00000174, -0.00000104, -0.00000407,  0.00000086,  0.00000290, -0.00000204, -0.00000182,  0.00000011, -0.00000062, -0.00000098, -0.00000319,  0.00000237, -0.00000116,  0.00000026, -0.00000201, -0.00000027, -0.00000214,  0.00000078, -0.00000136,  0.00000049, -0.00000251,  0.00000193,  0.00000175,  0.00000105,  0.00000089,  0.00000185,  0.00000146,  0.00000128, -0.00000111, -
        0.00000171,  0.00000218,  0.00000407,  0.00000107,  0.00000164, -0.00000185, -0.00000233, -0.00000048,  0.00000293, -0.00000091, -0.00000689, -0.00000470, -0.00000108, -0.00000458, -0.00000144,  0.00000050,  0.00000096, -0.00000038,  0.00000354,  0.00000027,  0.00000393, -0.00000148, -0.00000000, -0.00000293, -0.00000242, -0.00000070,  0.00000119,  0.00000188, -0.00000186, -0.00000074, -0.00000091,  0.00000046, -0.00000061,  0.00000038, -0.00000048,  0.00000217,  0.00000090, -0.00000321,  0.00000055, -0.00000022, ],
    [9.92137009,  9.87407246, -40.09412616, -32.36003041, -0.00000379,  0.00000293, -0.00000613, -0.00000895,  0.00001086, -0.00000260, -0.00000006, -0.00000589, -0.00000351, -0.00001377,  0.00000292,  0.00000982, -0.00000688, -0.00000615,  0.00000036, -0.00000209, -0.00000332, -0.00001079,  0.00000802, -0.00000394,  0.00000087, -0.00000679, -0.00000092, -0.00000724,  0.00000264, -0.00000460,  0.00000167, -0.00000850,  0.00000652,  0.00000590,  0.00000354,  0.00000301,  0.00000624,  0.00000492,  0.00000432, -0.00000377, -
        0.00000577,  0.00000738,  0.00001375,  0.00000361,  0.00000556, -0.00000626, -0.00000789, -0.00000162,  0.00000990, -0.00000307, -0.00002329, -0.00001590, -0.00000365, -0.00001548, -0.00000486,  0.00000169,  0.00000324, -0.00000129,  0.00001197,  0.00000090,  0.00001329, -0.00000501, -0.00000001, -0.00000992, -0.00000819, -0.00000238,  0.00000404,  0.00000635, -0.00000630, -0.00000249, -0.00000306,  0.00000155, -0.00000207,  0.00000129, -0.00000163,  0.00000732,  0.00000303, -0.00001085,  0.00000185, -0.00000076, ],
    [-52.82014851, -40.09412616, 299.44112178, 102.52804962, -133.40162096,  0.00000477, -0.00000331, -0.00000022,  0.00000100,  0.00000359, -0.00000019,  0.00000099,  0.00000448,  0.00000017,  0.00000379, -0.00000087, -0.00000522, -0.00000179,  0.00000310, -0.00000000,  0.00000363,  0.00000544, -0.00000123,  0.00000205, -0.00000377, -0.00000014,  0.00000152, -0.00000079,  0.00000121,  0.00000118, -0.00000325,  0.00000104, -0.00000273, -0.00000214, -0.00000109,  0.00000043, -0.00000140,  0.00000070,  0.00000246,  0.00000294, -
        0.00000052, -0.00000056,  0.00000252, -0.00000354,  0.00000112,  0.00000476, -0.00000314,  0.00000101, -0.00000137, -0.00000098, -0.00000174, -0.00000150,  0.00000401,  0.00000139,  0.00000314, -0.00000451,  0.00000210,  0.00000115, -0.00000447, -0.00000417, -0.00000223, -0.00000028,  0.00000421, -0.00000133, -0.00000018,  0.00000091,  0.00000047,  0.00000434,  0.00000021, -0.00000421,  0.00000271, -0.00000412, -0.00000470,  0.00000260, -0.00000231,  0.00000197,  0.00000347,  0.00000066,  0.00000618, -0.00000212, ],
    [0.00000099, -32.36003041, 102.52804962, 39.54082569, -42.56671532, -25.62220766, -0.00000759, -0.00000049,  0.00000229,  0.00000823, -0.00000043,  0.00000226,  0.00001026,  0.00000039,  0.00000868, -0.00000200, -0.00001196, -0.00000411,  0.00000712, -0.00000001,  0.00000832,  0.00001248, -0.00000283,  0.00000469, -0.00000865, -0.00000032,  0.00000349, -0.00000181,  0.00000278,  0.00000270, -0.00000746,  0.00000238, -0.00000625, -0.00000491, -0.00000250,  0.00000098, -0.00000322,  0.00000160,  0.00000565,  0.00000673, -
        0.00000118, -0.00000129,  0.00000577, -0.00000812,  0.00000256,  0.00001092, -0.00000720,  0.00000231, -0.00000314, -0.00000225, -0.00000398, -0.00000344,  0.00000920,  0.00000319,  0.00000720, -0.00001035,  0.00000482,  0.00000264, -0.00001025, -0.00000957, -0.00000512, -0.00000064,  0.00000965, -0.00000305, -0.00000041,  0.00000210,  0.00000107,  0.00000995,  0.00000047, -0.00000965,  0.00000620, -0.00000945, -0.00001078,  0.00000597, -0.00000531,  0.00000452,  0.00000796,  0.00000151,  0.00001418, -0.00000486, ],
    [-0.00000112, -0.00000379, -133.40162096, -42.56671532, 52.18312742, -3.08581656, -25.46554441,  0.00000051,  0.00000028,  0.00000126, -0.00000132,  0.00000075, -0.00000188,  0.00000074, -0.00000023, -0.00000081,  0.00000010, -0.00000040,  0.00000211,  0.00000139,  0.00000084,  0.00000010,  0.00000001, -0.00000031, -0.00000197, -0.00000127, -0.00000170, -0.00000012, -0.00000008,  0.00000038, -0.00000268, -0.00000012,  0.00000111,  0.00000053,  0.00000045,  0.00000179, -0.00000023,  0.00000225, -0.00000103,  0.00000088,
        0.00000007,  0.00000139, -0.00000093, -0.00000066,  0.00000060, -0.00000035, -0.00000034, -0.00000239,  0.00000135,  0.00000042, -0.00000149, -0.00000129,  0.00000124,  0.00000102, -0.00000259, -0.00000106, -0.00000027,  0.00000271, -0.00000036,  0.00000312, -0.00000055, -0.00000035, -0.00000009, -0.00000070,  0.00000061,  0.00000081,  0.00000099, -0.00000104, -0.00000042, -0.00000154,  0.00000220, -0.00000278, -0.00000123,  0.00000148, -0.00000203,  0.00000026, -0.00000096,  0.00000043,  0.00000094,  0.00000279, ],
    [0.00000087,  0.00000293,  0.00000477, -25.62220766, -3.08581656, -7.97955705,  0.98940453, 24.01333431,  0.00000099,  0.00000447, -0.00000468,  0.00000265, -0.00000668,  0.00000262, -0.00000082, -0.00000289,  0.00000034, -0.00000142,  0.00000749,  0.00000494,  0.00000298,  0.00000036,  0.00000003, -0.00000108, -0.00000701, -0.00000452, -0.00000605, -0.00000043, -0.00000030,  0.00000134, -0.00000952, -0.00000043,  0.00000393,  0.00000187,  0.00000160,  0.00000636, -0.00000083,  0.00000799, -0.00000365,  0.00000312,
        0.00000026,  0.00000494, -0.00000331, -0.00000233,  0.00000213, -0.00000125, -0.00000119, -0.00000849,  0.00000481,  0.00000150, -0.00000529, -0.00000458,  0.00000440,  0.00000362, -0.00000921, -0.00000377, -0.00000097,  0.00000963, -0.00000129,  0.00001109, -0.00000196, -0.00000124, -0.00000032, -0.00000247,  0.00000215,  0.00000286,  0.00000351, -0.00000368, -0.00000150, -0.00000548,  0.00000781, -0.00000986, -0.00000436,  0.00000524, -0.00000722,  0.00000093, -0.00000341,  0.00000154,  0.00000333,  0.00000989, ],
    [-0.00000181, -0.00000613, -0.00000331, -0.00000759, -25.46554441,  0.98940453, -2.30351366, -3.19731480, 23.26514306, -0.00000174, -0.00000301, -0.00000122,  0.00000066, -0.00000384,  0.00000196, -0.00000429, -0.00000080, -0.00000168,  0.00000159, -0.00000014,  0.00000074,  0.00000266, -0.00000208, -0.00000166, -0.00000114,  0.00000109, -0.00000003, -0.00000067,  0.00000102, -0.00000011,  0.00000054, -0.00000134,  0.00000027, -0.00000008, -0.00000130, -0.00000022,  0.00000059,  0.00000148, -0.00000239,  0.00000097, -
        0.00000068, -0.00000022, -0.00000031,  0.00000017, -0.00000042, -0.00000248,  0.00000131,  0.00000200,  0.00000106,  0.00000185, -0.00000170, -0.00000099, -0.00000089,  0.00000082, -0.00000051, -0.00000019,  0.00000035, -0.00000122,  0.00000202, -0.00000228,  0.00000104, -0.00000020, -0.00000089, -0.00000100, -0.00000166, -0.00000148, -0.00000066,  0.00000062,  0.00000026,  0.00000074,  0.00000508,  0.00000213, -0.00000044,  0.00000245, -0.00000138,  0.00000013,  0.00000142, -0.00000222,  0.00000053,  0.00000041, ],
    [-0.00000265, -0.00000895, -0.00000022, -0.00000049,  0.00000051, 24.01333431, -3.19731480, -1.68387955, -1.60090976, -23.42457232,  0.00000840,  0.00000342, -0.00000184,  0.00001074, -0.00000546,  0.00001198,  0.00000223,  0.00000470, -0.00000444,  0.00000039, -0.00000207, -0.00000743,  0.00000581,  0.00000463,  0.00000317, -0.00000304,  0.00000008,  0.00000186, -0.00000284,  0.00000030, -0.00000150,  0.00000375, -0.00000075,  0.00000021,  0.00000363,  0.00000060, -0.00000164, -0.00000414,  0.00000667, -0.00000271,
        0.00000190,  0.00000060,  0.00000086, -0.00000049,  0.00000118,  0.00000692, -0.00000365, -0.00000558, -0.00000296, -0.00000517,  0.00000476,  0.00000278,  0.00000249, -0.00000230,  0.00000143,  0.00000053, -0.00000097,  0.00000340, -0.00000565,  0.00000637, -0.00000290,  0.00000057,  0.00000249,  0.00000278,  0.00000464,  0.00000414,  0.00000184, -0.00000174, -0.00000073, -0.00000208, -0.00001418, -0.00000594,  0.00000123, -0.00000685,  0.00000384, -0.00000035, -0.00000396,  0.00000621, -0.00000147, -0.00000115, ],
    [0.00000321,  0.00001086,  0.00000100,  0.00000229,  0.00000028,  0.00000099, 23.26514306, -1.60090976, -0.40084504, -4.62164474, 23.62040515, -0.00000018, -0.00000086, -0.00000023,  0.00000007, -0.00000083,  0.00000008,  0.00000022, -0.00000021,  0.00000084, -0.00000053, -0.00000015, -0.00000088, -0.00000077,  0.00000088,  0.00000078,  0.00000015, -0.00000052,  0.00000006, -0.00000029, -0.00000095,  0.00000030,  0.00000139, -0.00000030,  0.00000086,  0.00000097, -0.00000002, -0.00000020,  0.00000082, -0.00000002, -
        0.00000039, -0.00000018, -0.00000044,  0.00000034,  0.00000129,  0.00000006,  0.00000160, -0.00000003, -0.00000126,  0.00000018,  0.00000069, -0.00000049, -0.00000013,  0.00000108, -0.00000013, -0.00000082,  0.00000065, -0.00000036, -0.00000056,  0.00000063,  0.00000090, -0.00000014, -0.00000132,  0.00000017,  0.00000106,  0.00000028, -0.00000096, -0.00000057,  0.00000045, -0.00000054,  0.00000023,  0.00000026,  0.00000145,  0.00000099,  0.00000050, -0.00000095,  0.00000061,  0.00000040,  0.00000085, -0.00000008, ],
    [-0.00000077, -0.00000260,  0.00000359,  0.00000823,  0.00000126,  0.00000447, -0.00000174, -23.42457232, -4.62164474,  3.54387846, -3.84866695, 23.16224692,  0.00000546,  0.00000143, -0.00000044,  0.00000523, -0.00000052, -0.00000137,  0.00000131, -0.00000533,  0.00000336,  0.00000095,  0.00000554,  0.00000485, -0.00000559, -0.00000495, -0.00000094,  0.00000332, -0.00000038,  0.00000185,  0.00000602, -0.00000191, -0.00000882,  0.00000190, -0.00000542, -0.00000613,  0.00000015,  0.00000128, -0.00000519,  0.00000010,
        0.00000250,  0.00000112,  0.00000276, -0.00000214, -0.00000819, -0.00000038, -0.00001014,  0.00000022,  0.00000801, -0.00000114, -0.00000435,  0.00000312,  0.00000085, -0.00000687,  0.00000081,  0.00000521, -0.00000412,  0.00000230,  0.00000352, -0.00000397, -0.00000571,  0.00000089,  0.00000838, -0.00000111, -0.00000669, -0.00000176,  0.00000608,  0.00000363, -0.00000285,  0.00000340, -0.00000149, -0.00000162, -0.00000918, -0.00000628, -0.00000315,  0.00000602, -0.00000388, -0.00000251, -0.00000537,  0.00000048, ],
    [-0.00000002, -0.00000006, -0.00000019, -0.00000043, -0.00000132, -0.00000468, -0.00000301,  0.00000840, 23.62040515, -3.84866695, -5.27401337, -2.37615925, 24.67231847, -0.00000036,  0.00000006,  0.00000028, -0.00000033,  0.00000116, -0.00000018, -0.00000054, -0.00000089,  0.00000064,  0.00000051,  0.00000053, -0.00000010,  0.00000011,  0.00000020,  0.00000150, -0.00000055, -0.00000021, -0.00000059,  0.00000070,  0.00000076,  0.00000017, -0.00000099, -0.00000016, -0.00000006,  0.00000013, -0.00000004,  0.00000067,
        0.00000025, -0.00000103,  0.00000115, -0.00000029, -0.00000146,  0.00000002,  0.00000153,  0.00000057,  0.00000008, -0.00000125, -0.00000025, -0.00000012, -0.00000018, -0.00000137, -0.00000023,  0.00000020, -0.00000070,  0.00000032, -0.00000040, -0.00000046,  0.00000107, -0.00000025, -0.00000015,  0.00000156, -0.00000083, -0.00000000,  0.00000012, -0.00000054, -0.00000010, -0.00000050,  0.00000044,  0.00000087, -0.00000063,  0.00000063, -0.00000042,  0.00000065, -0.00000110,  0.00000159,  0.00000076, -0.00000098, ],
    [-0.00000174, -0.00000589,  0.00000099,  0.00000226,  0.00000075,  0.00000265, -0.00000122,  0.00000342, -0.00000018, 23.16224692, -2.37615925,  3.24423899,  2.71092218, 19.03308294, -0.00000031, -0.00000136,  0.00000158, -0.00000557,  0.00000088,  0.00000257,  0.00000425, -0.00000308, -0.00000242, -0.00000255,  0.00000048, -0.00000050, -0.00000098, -0.00000718,  0.00000262,  0.00000100,  0.00000281, -0.00000336, -0.00000364, -0.00000080,  0.00000472,  0.00000078,  0.00000027, -0.00000060,  0.00000021, -0.00000322, -
        0.00000122,  0.00000492, -0.00000552,  0.00000140,  0.00000697, -0.00000009, -0.00000734, -0.00000272, -0.00000037,  0.00000596,  0.00000121,  0.00000055,  0.00000088,  0.00000656,  0.00000112, -0.00000094,  0.00000335, -0.00000152,  0.00000191,  0.00000221, -0.00000511,  0.00000119,  0.00000074, -0.00000747,  0.00000398,  0.00000002, -0.00000057,  0.00000260,  0.00000047,  0.00000238, -0.00000209, -0.00000414,  0.00000301, -0.00000300,  0.00000201, -0.00000311,  0.00000527, -0.00000761, -0.00000362,  0.00000467, ],
    [-0.00000104, -0.00000351,  0.00000448,  0.00001026, -0.00000188, -0.00000668,  0.00000066, -0.00000184, -0.00000086,  0.00000546, 24.67231847,  2.71092218,  4.39719351,  0.92442210, 25.56877542, -0.00000034,  0.00000047,  0.00000049, -0.00000009,  0.00000084,  0.00000002, -0.00000016,  0.00000075, -0.00000109, -0.00000006, -0.00000005,  0.00000096, -0.00000010,  0.00000009,  0.00000060, -0.00000060,  0.00000027, -0.00000053, -0.00000061,  0.00000087,  0.00000028, -0.00000016, -0.00000028, -0.00000057, -0.00000100, -
        0.00000025, -0.00000041,  0.00000105, -0.00000063, -0.00000109, -0.00000000, -0.00000054,  0.00000009, -0.00000074,  0.00000056,  0.00000054,  0.00000048, -0.00000012,  0.00000007, -0.00000127, -0.00000017, -0.00000059,  0.00000121, -0.00000088, -0.00000010, -0.00000017, -0.00000044, -0.00000035,  0.00000055,  0.00000016,  0.00000053, -0.00000015, -0.00000056, -0.00000048, -0.00000015, -0.00000000, -0.00000024,  0.00000048,  0.00000066, -0.00000027,  0.00000047, -0.00000004, -0.00000068, -0.00000056, -0.00000022, ],
    [-0.00000407, -0.00001377,  0.00000017,  0.00000039,  0.00000074,  0.00000262, -0.00000384,  0.00001074, -0.00000023,  0.00000143, -0.00000036, 19.03308294,  0.92442210, -7.39552490,  3.99344461, -21.89644933,  0.00000412,  0.00000430, -0.00000083,  0.00000738,  0.00000019, -0.00000141,  0.00000662, -0.00000957, -0.00000050, -0.00000040,  0.00000844, -0.00000086,  0.00000077,  0.00000533, -0.00000527,  0.00000234, -0.00000466, -0.00000535,  0.00000766,  0.00000242, -0.00000138, -0.00000244, -0.00000505, -0.00000878, -
        0.00000223, -0.00000364,  0.00000923, -0.00000558, -0.00000958, -0.00000004, -0.00000473,  0.00000078, -0.00000655,  0.00000493,  0.00000479,  0.00000424, -0.00000104,  0.00000061, -0.00001116, -0.00000151, -0.00000522,  0.00001066, -0.00000773, -0.00000088, -0.00000150, -0.00000391, -0.00000307,  0.00000485,  0.00000139,  0.00000465, -0.00000136, -0.00000494, -0.00000422, -0.00000132, -0.00000001, -0.00000211,  0.00000419,  0.00000585, -0.00000241,  0.00000418, -0.00000032, -0.00000603, -0.00000497, -0.00000197, ],
    [0.00000086,  0.00000292,  0.00000379,  0.00000868, -0.00000023, -0.00000082,  0.00000196, -0.00000546,  0.00000007, -0.00000044,  0.00000006, -0.00000031, 25.56877542,  3.99344461,  7.12281484,  0.57727020, -24.74021035,  0.00000167, -0.00000060, -0.00000101,  0.00000106, -0.00000036,  0.00000148,  0.00000093,  0.00000067,  0.00000053, -0.00000091, -0.00000102, -0.00000139, -0.00000147,  0.00000020, -0.00000103,  0.00000038, -0.00000206,  0.00000037, -0.00000048,  0.00000107, -0.00000110, -0.00000034,  0.00000017,
        0.00000012, -0.00000003,  0.00000138,  0.00000054, -0.00000180, -0.00000281,  0.00000017, -0.00000170, -0.00000062,  0.00000078, -0.00000082, -0.00000070, -0.00000051,  0.00000271, -0.00000065, -0.00000065, -0.00000157,  0.00000301, -0.00000063, -0.00000011, -0.00000113,  0.00000026, -0.00000046, -0.00000156, -0.00000265,  0.00000076, -0.00000025, -0.00000105, -0.00000012,  0.00000058, -0.00000148, -0.00000007,  0.00000045, -0.00000072,  0.00000063, -0.00000118,  0.00000169,  0.00000154, -0.00000138, -0.00000077, ],
    [0.00000290,  0.00000982, -0.00000087, -0.00000200, -0.00000081, -0.00000289, -0.00000429,  0.00001198, -0.00000083,  0.00000523,  0.00000028, -0.00000136, -0.00000034, -21.89644933,  0.57727020, -2.81551670, -5.05216513, -25.79485645,  0.00000279,  0.00000468, -0.00000491,  0.00000169, -0.00000691, -0.00000434, -0.00000313, -0.00000247,  0.00000422,  0.00000476,  0.00000645,  0.00000684, -0.00000091,  0.00000479, -0.00000176,  0.00000959, -0.00000171,  0.00000225, -0.00000500,  0.00000513,  0.00000157, -0.00000080, -
        0.00000054,  0.00000012, -0.00000642, -0.00000251,  0.00000839,  0.00001310, -0.00000080,  0.00000791,  0.00000290, -0.00000364,  0.00000382,  0.00000325,  0.00000237, -0.00001262,  0.00000304,  0.00000304,  0.00000732, -0.00001399,  0.00000293,  0.00000052,  0.00000525, -0.00000119,  0.00000216,  0.00000724,  0.00001232, -0.00000353,  0.00000118,  0.00000491,  0.00000054, -0.00000271,  0.00000691,  0.00000034, -0.00000209,  0.00000337, -0.00000295,  0.00000547, -0.00000785, -0.00000718,  0.00000642,  0.00000360, ],
    [-0.00000204, -0.00000688, -0.00000522, -0.00001196,  0.00000010,  0.00000034, -0.00000080,  0.00000223,  0.00000008, -0.00000052, -0.00000033,  0.00000158,  0.00000047,  0.00000412, -24.74021035, -5.05216513,  6.14042239,  2.66717178, 22.45309611, -0.00000005, -0.00000126, -0.00000155,  0.00000001,  0.00000137, -0.00000017, -0.00000000, -0.00000029, -0.00000087, -0.00000081,  0.00000042, -0.00000085, -0.00000016,  0.00000016,  0.00000158, -0.00000045,  0.00000109, -0.00000002,  0.00000045,  0.00000023, -0.00000129,
        0.00000026,  0.00000020,  0.00000114,  0.00000002,  0.00000006,  0.00000117,  0.00000009,  0.00000028, -0.00000014, -0.00000045, -0.00000005,  0.00000064,  0.00000006, -0.00000052,  0.00000098, -0.00000023,  0.00000140, -0.00000059,  0.00000128,  0.00000046,  0.00000015,  0.00000006, -0.00000095, -0.00000098,  0.00000026,  0.00000100,  0.00000028, -0.00000001,  0.00000115,  0.00000103,  0.00000067, -0.00000125, -0.00000078, -0.00000169, -0.00000007, -0.00000058, -0.00000015,  0.00000001,  0.00000081, -0.00000041, ],
    [-0.00000182, -0.00000615, -0.00000179, -0.00000411, -0.00000040, -0.00000142, -0.00000168,  0.00000470,  0.00000022, -0.00000137,  0.00000116, -0.00000557,  0.00000049,  0.00000430,  0.00000167, -25.79485645,  2.66717178, -6.86055580,  2.74944085, -19.34680604,  0.00000691,  0.00000849, -0.00000003, -0.00000751,  0.00000095,  0.00000001,  0.00000158,  0.00000476,  0.00000445, -0.00000232,  0.00000467,  0.00000086, -0.00000090, -0.00000866,  0.00000244, -0.00000598,  0.00000010, -0.00000245, -0.00000127,  0.00000705, -
        0.00000141, -0.00000111, -0.00000625, -0.00000009, -0.00000035, -0.00000642, -0.00000047, -0.00000153,  0.00000077,  0.00000245,  0.00000029, -0.00000349, -0.00000030,  0.00000286, -0.00000534,  0.00000126, -0.00000767,  0.00000322, -0.00000700, -0.00000253, -0.00000083, -0.00000030,  0.00000518,  0.00000538, -0.00000141, -0.00000546, -0.00000151,  0.00000006, -0.00000631, -0.00000564, -0.00000367,  0.00000682,  0.00000426,  0.00000923,  0.00000040,  0.00000317,  0.00000084, -0.00000003, -0.00000441,  0.00000224, ],
    [0.00000011,  0.00000036,  0.00000310,  0.00000712,  0.00000211,  0.00000749,  0.00000159, -0.00000444, -0.00000021,  0.00000131, -0.00000018,  0.00000088, -0.00000009, -0.00000083, -0.00000060,  0.00000279, 22.45309611,  2.74944085,  3.94224239, -1.86019681, 25.05937944, -0.00000352,  0.00000287, -0.00000201, -0.00000208,  0.00000092, -0.00000084,  0.00000062,  0.00000285, -0.00000551,  0.00000086,  0.00000148, -0.00000156, -0.00000603,  0.00000095, -0.00000320, -0.00000352, -0.00000116,  0.00000215, -0.00000102,
        0.00000000,  0.00000050,  0.00000222,  0.00000126,  0.00000042, -0.00000206,  0.00000073,  0.00000104, -0.00000004,  0.00000103,  0.00000142, -0.00000246,  0.00000214,  0.00000071, -0.00000254, -0.00000068, -0.00000315, -0.00000085,  0.00000613, -0.00000086,  0.00000144, -0.00000022,  0.00000306,  0.00000221,  0.00000286, -0.00000142,  0.00000270,  0.00000459, -0.00000086,  0.00000280,  0.00000242,  0.00000473, -0.00000111,  0.00000081, -0.00000182, -0.00000078,  0.00000143,  0.00000230,  0.00000216,  0.00000043, ],
    [-0.00000062, -0.00000209, -0.00000000, -0.00000001,  0.00000139,  0.00000494, -0.00000014,  0.00000039,  0.00000084, -0.00000533, -0.00000054,  0.00000257,  0.00000084,  0.00000738, -0.00000101,  0.00000468, -0.00000005, -19.34680604, -1.86019681, -2.81514409, -4.29489472, 20.83732908,  0.00000422, -0.00000295, -0.00000306,  0.00000135, -0.00000124,  0.00000091,  0.00000419, -0.00000809,  0.00000126,  0.00000217, -0.00000229, -0.00000887,  0.00000139, -0.00000471, -0.00000517, -0.00000170,  0.00000315, -0.00000151,
        0.00000000,  0.00000074,  0.00000327,  0.00000185,  0.00000061, -0.00000303,  0.00000108,  0.00000152, -0.00000006,  0.00000152,  0.00000208, -0.00000362,  0.00000314,  0.00000104, -0.00000374, -0.00000101, -0.00000463, -0.00000125,  0.00000902, -0.00000127,  0.00000212, -0.00000032,  0.00000449,  0.00000325,  0.00000420, -0.00000209,  0.00000397,  0.00000674, -0.00000127,  0.00000411,  0.00000356,  0.00000696, -0.00000163,  0.00000119, -0.00000268, -0.00000114,  0.00000210,  0.00000338,  0.00000318,  0.00000063, ],
    [-0.00000098, -0.00000332,  0.00000363,  0.00000832,  0.00000084,  0.00000298,  0.00000074, -0.00000207, -0.00000053,  0.00000336, -0.00000089,  0.00000425,  0.00000002,  0.00000019,  0.00000106, -0.00000491, -0.00000126,  0.00000691, 25.05937944, -4.29489472,  3.81679396,  3.40030646, -18.01964377,  0.00000009,  0.00000009, -0.00000005, -0.00000028, -0.00000008,  0.00000002, -0.00000011, -0.00000007,  0.00000003, -0.00000001, -0.00000002,  0.00000024, -0.00000009, -0.00000027,  0.00000011,  0.00000019, -0.00000006, -
        0.00000025,  0.00000009,  0.00000005, -0.00000013, -0.00000007,  0.00000013, -0.00000005, -0.00000018,  0.00000006, -0.00000000, -0.00000024,  0.00000022, -0.00000024, -0.00000018,  0.00000003,  0.00000014, -0.00000036, -0.00000020,  0.00000009,  0.00000023, -0.00000005,  0.00000007, -0.00000021, -0.00000009, -0.00000007, -0.00000019,  0.00000001, -0.00000019, -0.00000013, -0.00000007, -0.00000027,  0.00000023, -0.00000003,  0.00000002,  0.00000007,  0.00000029,  0.00000011, -0.00000003,  0.00000000, -0.00000019, ],
    [-0.00000319, -0.00001079,  0.00000544,  0.00001248,  0.00000010,  0.00000036,  0.00000266, -0.00000743, -0.00000015,  0.00000095,  0.00000064, -0.00000308, -0.00000016, -0.00000141, -0.00000036,  0.00000169, -0.00000155,  0.00000849, -0.00000352, 20.83732908,  3.40030646,  5.87649683, -1.47929284, -24.07628500, -0.00000322,  0.00000188,  0.00001017,  0.00000294, -0.00000069,  0.00000383,  0.00000247, -0.00000125,  0.00000038,  0.00000069, -0.00000859,  0.00000343,  0.00000978, -0.00000388, -0.00000693,  0.00000235,
        0.00000902, -0.00000339, -0.00000186,  0.00000472,  0.00000265, -0.00000473,  0.00000192,  0.00000651, -0.00000202,  0.00000004,  0.00000863, -0.00000793,  0.00000867,  0.00000664, -0.00000099, -0.00000518,  0.00001287,  0.00000723, -0.00000330, -0.00000834,  0.00000177, -0.00000236,  0.00000777,  0.00000343,  0.00000266,  0.00000679, -0.00000048,  0.00000695,  0.00000469,  0.00000241,  0.00000988, -0.00000816,  0.00000112, -0.00000080, -0.00000250, -0.00001051, -0.00000390,  0.00000099, -0.00000010,  0.00000685, ],
    [0.00000237,  0.00000802, -0.00000123, -0.00000283,  0.00000001,  0.00000003, -0.00000208,  0.00000581, -0.00000088,  0.00000554,  0.00000051, -0.00000242,  0.00000075,  0.00000662,  0.00000148, -0.00000691,  0.00000001, -0.00000003,  0.00000287,  0.00000422, -18.01964377, -1.47929284, -0.60677372,  1.57766777, 21.89290784, -0.00000306, -0.00000124, -0.00000737, -0.00000661, -0.00000028, -0.00000103,  0.00000045, -0.00000091,  0.00000123,  0.00000140,  0.00000021, -0.00000061, -0.00000377,  0.00000153,  0.00000101,
        0.00000323,  0.00000244,  0.00000308,  0.00000292,  0.00000116, -0.00000055,  0.00000378,  0.00000062, -0.00000148, -0.00000345, -0.00000136, -0.00000128,  0.00000150, -0.00000273,  0.00000118, -0.00000002, -0.00000133, -0.00000437,  0.00000383, -0.00000011,  0.00000252, -0.00000005,  0.00000252,  0.00000194,  0.00000242, -0.00000356,  0.00000374, -0.00000241, -0.00000207,  0.00000013,  0.00000052,  0.00000244, -0.00000092, -0.00000237,  0.00000140,  0.00000238, -0.00000436,  0.00000377,  0.00000316,  0.00000003, ],
    [-0.00000116, -0.00000394,  0.00000205,  0.00000469, -0.00000031, -0.00000108, -0.00000166,  0.00000463, -0.00000077,  0.00000485,  0.00000053, -0.00000255, -0.00000109, -0.00000957,  0.00000093, -0.00000434,  0.00000137, -0.00000751, -0.00000201, -0.00000295,  0.00000009, -24.07628500,  1.57766777,  5.97139595, -0.65621624, -18.11139194,  0.00000167,  0.00000995,  0.00000892,  0.00000038,  0.00000139, -0.00000061,  0.00000123, -0.00000165, -0.00000188, -0.00000029,  0.00000082,  0.00000509, -0.00000206, -0.00000137, -
        0.00000436, -0.00000330, -0.00000416, -0.00000394, -0.00000157,  0.00000074, -0.00000511, -0.00000083,  0.00000200,  0.00000465,  0.00000184,  0.00000173, -0.00000202,  0.00000369, -0.00000160,  0.00000003,  0.00000180,  0.00000589, -0.00000517,  0.00000015, -0.00000340,  0.00000007, -0.00000340, -0.00000262, -0.00000326,  0.00000481, -0.00000505,  0.00000326,  0.00000279, -0.00000018, -0.00000070, -0.00000329,  0.00000124,  0.00000320, -0.00000189, -0.00000322,  0.00000588, -0.00000508, -0.00000427, -0.00000004, ],
    [0.00000026,  0.00000087, -0.00000377, -0.00000865, -0.00000197, -0.00000701, -0.00000114,  0.00000317,  0.00000088, -0.00000559, -0.00000010,  0.00000048, -0.00000006, -0.00000050,  0.00000067, -0.00000313, -0.00000017,  0.00000095, -0.00000208, -0.00000306,  0.00000009, -0.00000322, 21.89290784, -0.65621624, -4.21210569, -6.90345962, -21.29411223,  0.00000037,  0.00000007,  0.00000050, -0.00000010,  0.00000023,  0.00000021,  0.00000026,  0.00000008,  0.00000008,  0.00000021, -0.00000023,  0.00000023,  0.00000051,
        0.00000002,  0.00000017, -0.00000026,  0.00000053, -0.00000019, -0.00000033, -0.00000029, -0.00000032, -0.00000015,  0.00000027, -0.00000065, -0.00000007, -0.00000008,  0.00000022, -0.00000025,  0.00000025,  0.00000012, -0.00000006, -0.00000003,  0.00000001,  0.00000034,  0.00000053, -0.00000029,  0.00000036,  0.00000017,  0.00000002, -0.00000004, -0.00000030, -0.00000010,  0.00000010,  0.00000012, -0.00000009, -0.00000004, -0.00000037,  0.00000025,  0.00000010,  0.00000026, -0.00000005, -0.00000021, -0.00000001, ],
    [-0.00000201, -0.00000679, -0.00000014, -0.00000032, -0.00000127, -0.00000452,  0.00000109, -0.00000304,  0.00000078, -0.00000495,  0.00000011, -0.00000050, -0.00000005, -0.00000040,  0.00000053, -0.00000247, -0.00000000,  0.00000001,  0.00000092,  0.00000135, -0.00000005,  0.00000188, -0.00000306, -18.11139194, -6.90345962, -6.90415072,  3.04470512, -21.58228821, -0.00000141, -0.00001044,  0.00000208, -0.00000475, -0.00000442, -0.00000547, -0.00000160, -0.00000178, -0.00000446,  0.00000483, -0.00000485, -0.00001071, -
        0.00000045, -0.00000347,  0.00000547, -0.00001099,  0.00000395,  0.00000691,  0.00000605,  0.00000665,  0.00000321, -0.00000568,  0.00001351,  0.00000147,  0.00000173, -0.00000458,  0.00000529, -0.00000526, -0.00000250,  0.00000121,  0.00000063, -0.00000031, -0.00000717, -0.00001098,  0.00000599, -0.00000746, -0.00000359, -0.00000039,  0.00000094,  0.00000625,  0.00000212, -0.00000218, -0.00000246,  0.00000184,  0.00000081,  0.00000784, -0.00000529, -0.00000216, -0.00000546,  0.00000095,  0.00000430,  0.00000019, ],
    [-0.00000027, -0.00000092,  0.00000152,  0.00000349, -0.00000170, -0.00000605, -0.00000003,  0.00000008,  0.00000015, -0.00000094,  0.00000020, -0.00000098,  0.00000096,  0.00000844, -0.00000091,  0.00000422, -0.00000029,  0.00000158, -0.00000084, -0.00000124, -0.00000028,  0.00001017, -0.00000124,  0.00000167, -21.29411223,  3.04470512, -0.87031139, -6.65216868, 21.77258572,  0.00000006, -0.00000021,  0.00000004,  0.00000037, -0.00000014,  0.00000004, -0.00000073, -0.00000086,  0.00000000, -0.00000043, -0.00000088,
        0.00000023, -0.00000003,  0.00000008, -0.00000029, -0.00000053,  0.00000009,  0.00000008,  0.00000066,  0.00000013,  0.00000075, -0.00000113, -0.00000076,  0.00000086, -0.00000115,  0.00000062,  0.00000008,  0.00000012, -0.00000048,  0.00000049,  0.00000078,  0.00000040, -0.00000058,  0.00000066,  0.00000033,  0.00000087, -0.00000067,  0.00000043, -0.00000014, -0.00000047, -0.00000064,  0.00000051, -0.00000084, -0.00000001,  0.00000014, -0.00000157, -0.00000090,  0.00000137, -0.00000013,  0.00000047,  0.00000025, ],
    [-0.00000214, -0.00000724, -0.00000079, -0.00000181, -0.00000012, -0.00000043, -0.00000067,  0.00000186, -0.00000052,  0.00000332,  0.00000150, -0.00000718, -0.00000010, -0.00000086, -0.00000102,  0.00000476, -0.00000087,  0.00000476,  0.00000062,  0.00000091, -0.00000008,  0.00000294, -0.00000737,  0.00000995,  0.00000037, -21.58228821, -6.65216868,  3.07169950, -4.57662001, 21.87657694, -0.00000183,  0.00000037,  0.00000316, -0.00000123,  0.00000038, -0.00000629, -0.00000743,  0.00000004, -0.00000373, -0.00000758,
        0.00000201, -0.00000025,  0.00000070, -0.00000252, -0.00000458,  0.00000082,  0.00000068,  0.00000573,  0.00000108,  0.00000642, -0.00000970, -0.00000658,  0.00000743, -0.00000993,  0.00000534,  0.00000069,  0.00000105, -0.00000410,  0.00000424,  0.00000670,  0.00000341, -0.00000500,  0.00000568,  0.00000286,  0.00000746, -0.00000582,  0.00000373, -0.00000121, -0.00000408, -0.00000550,  0.00000442, -0.00000724, -0.00000009,  0.00000117, -0.00001354, -0.00000779,  0.00001183, -0.00000112,  0.00000408,  0.00000218, ],
    [0.00000078,  0.00000264,  0.00000121,  0.00000278, -0.00000008, -0.00000030,  0.00000102, -0.00000284,  0.00000006, -0.00000038, -0.00000055,  0.00000262,  0.00000009,  0.00000077, -0.00000139,  0.00000645, -0.00000081,  0.00000445,  0.00000285,  0.00000419,  0.00000002, -0.00000069, -0.00000661,  0.00000892,  0.00000007, -0.00000141, 21.77258572, -4.57662001, -1.29088725,  0.72347735, -20.83671580,  0.00000149,  0.00000012,  0.00000055, -0.00000019,  0.00000284,  0.00000104, -0.00000133,  0.00000005, -0.00000052, -
        0.00000050, -0.00000067,  0.00000082,  0.00000267,  0.00000039, -0.00000182,  0.00000007, -0.00000046, -0.00000091,  0.00000009, -0.00000003, -0.00000191,  0.00000022, -0.00000034, -0.00000064, -0.00000121, -0.00000092, -0.00000074, -0.00000031, -0.00000035,  0.00000012,  0.00000072, -0.00000129, -0.00000068, -0.00000068, -0.00000017,  0.00000007, -0.00000213, -0.00000020,  0.00000217, -0.00000185,  0.00000191, -0.00000152, -0.00000078, -0.00000182,  0.00000023,  0.00000175,  0.00000058, -0.00000153,  0.00000041, ],
    [-0.00000136, -0.00000460,  0.00000118,  0.00000270,  0.00000038,  0.00000134, -0.00000011,  0.00000030, -0.00000029,  0.00000185, -0.00000021,  0.00000100,  0.00000060,  0.00000533, -0.00000147,  0.00000684,  0.00000042, -0.00000232, -0.00000551, -0.00000809, -0.00000011,  0.00000383, -0.00000028,  0.00000038,  0.00000050, -0.00001044,  0.00000006, 21.87657694,  0.72347735, -2.01942431, -3.53632471, 20.47492556,  0.00000052,  0.00000247, -0.00000086,  0.00001269,  0.00000465, -0.00000593,  0.00000023, -0.00000232, -
        0.00000224, -0.00000299,  0.00000368,  0.00001193,  0.00000174, -0.00000814,  0.00000031, -0.00000204, -0.00000407,  0.00000042, -0.00000015, -0.00000852,  0.00000097, -0.00000152, -0.00000285, -0.00000542, -0.00000410, -0.00000328, -0.00000137, -0.00000157,  0.00000054,  0.00000324, -0.00000577, -0.00000304, -0.00000303, -0.00000076,  0.00000032, -0.00000950, -0.00000090,  0.00000970, -0.00000825,  0.00000855, -0.00000677, -0.00000348, -0.00000814,  0.00000101,  0.00000781,  0.00000259, -0.00000682,  0.00000185, ],
    [0.00000049,  0.00000167, -0.00000325, -0.00000746, -0.00000268, -0.00000952,  0.00000054, -0.00000150, -0.00000095,  0.00000602, -0.00000059,  0.00000281, -0.00000060, -0.00000527,  0.00000020, -0.00000091, -0.00000085,  0.00000467,  0.00000086,  0.00000126, -0.00000007,  0.00000247, -0.00000103,  0.00000139, -0.00000010,  0.00000208, -0.00000021, -0.00000183, -20.83671580, -3.53632471, -2.95911539, -1.83979853, -19.79548318,  0.00000052,  0.00000064,  0.00000012, -0.00000030,  0.00000012,  0.00000102, -0.00000102,
        0.00000024, -0.00000034,  0.00000035, -0.00000055,  0.00000101, -0.00000000,  0.00000010,  0.00000050,  0.00000031, -0.00000048,  0.00000054, -0.00000104,  0.00000001,  0.00000019, -0.00000037,  0.00000076, -0.00000083, -0.00000004, -0.00000010,  0.00000009, -0.00000049,  0.00000085, -0.00000015,  0.00000005,  0.00000051, -0.00000052, -0.00000078, -0.00000019, -0.00000059,  0.00000030, -0.00000018,  0.00000017,  0.00000065,  0.00000036, -0.00000037,  0.00000030, -0.00000048, -0.00000021,  0.00000028, -0.00000106, ],
    [-0.00000251, -0.00000850,  0.00000104,  0.00000238, -0.00000012, -0.00000043, -0.00000134,  0.00000375,  0.00000030, -0.00000191,  0.00000070, -0.00000336,  0.00000027,  0.00000234, -0.00000103,  0.00000479, -0.00000016,  0.00000086,  0.00000148,  0.00000217,  0.00000003, -0.00000125,  0.00000045, -0.00000061,  0.00000023, -0.00000475,  0.00000004,  0.00000037,  0.00000149, 20.47492556, -1.83979853, -14.42392552,  0.16637903, -22.39691548, -0.00000622, -0.00000117,  0.00000293, -0.00000116, -0.00000984,  0.00000982, -
        0.00000229,  0.00000331, -0.00000335,  0.00000529, -0.00000972,  0.00000003, -0.00000099, -0.00000487, -0.00000297,  0.00000463, -0.00000518,  0.00001003, -0.00000013, -0.00000184,  0.00000359, -0.00000736,  0.00000805,  0.00000037,  0.00000101, -0.00000089,  0.00000475, -0.00000821,  0.00000143, -0.00000046, -0.00000491,  0.00000499,  0.00000753,  0.00000188,  0.00000573, -0.00000291,  0.00000178, -0.00000163, -0.00000630, -0.00000344,  0.00000358, -0.00000289,  0.00000460,  0.00000206, -0.00000270,  0.00001023, ],
    [0.00000193,  0.00000652, -0.00000273, -0.00000625,  0.00000111,  0.00000393,  0.00000027, -0.00000075,  0.00000139, -0.00000882,  0.00000076, -0.00000364, -0.00000053, -0.00000466,  0.00000038, -0.00000176,  0.00000016, -0.00000090, -0.00000156, -0.00000229, -0.00000001,  0.00000038, -0.00000091,  0.00000123,  0.00000021, -0.00000442,  0.00000037,  0.00000316,  0.00000012,  0.00000052, -19.79548318,  0.16637903, -6.60012337,  1.54613631, -22.11939029, -0.00000002, -0.00000004, -0.00000004, -0.00000003, -0.00000000, -
        0.00000003,  0.00000003,  0.00000003, -0.00000002, -0.00000003, -0.00000002,  0.00000004,  0.00000001, -0.00000001,  0.00000002, -0.00000000, -0.00000000,  0.00000003,  0.00000002,  0.00000001,  0.00000002, -0.00000002,  0.00000001,  0.00000002, -0.00000003, -0.00000001,  0.00000007, -0.00000000, -0.00000001,  0.00000003, -0.00000001, -0.00000004, -0.00000003,  0.00000000, -0.00000002, -0.00000001, -0.00000005, -0.00000003, -0.00000001, -0.00000000,  0.00000002, -0.00000003, -0.00000001, -0.00000001, -0.00000004, ],
    [0.00000175,  0.00000590, -0.00000214, -0.00000491,  0.00000053,  0.00000187, -0.00000008,  0.00000021, -0.00000030,  0.00000190,  0.00000017, -0.00000080, -0.00000061, -0.00000535, -0.00000206,  0.00000959,  0.00000158, -0.00000866, -0.00000603, -0.00000887, -0.00000002,  0.00000069,  0.00000123, -0.00000165,  0.00000026, -0.00000547, -0.00000014, -0.00000123,  0.00000055,  0.00000247,  0.00000052, -22.39691548,  1.54613631,  5.38171066, -1.52895122, -20.15567652, -0.00000762, -0.00000710, -0.00000524, -0.00000081, -
        0.00000536,  0.00000578,  0.00000550, -0.00000318, -0.00000502, -0.00000455,  0.00000687,  0.00000210, -0.00000249,  0.00000383, -0.00000014, -0.00000068,  0.00000477,  0.00000361,  0.00000228,  0.00000363, -0.00000347,  0.00000259,  0.00000472, -0.00000616, -0.00000144,  0.00001314, -0.00000070, -0.00000191,  0.00000584, -0.00000280, -0.00000796, -0.00000513,  0.00000088, -0.00000294, -0.00000124, -0.00000908, -0.00000650, -0.00000202, -0.00000089,  0.00000365, -0.00000544, -0.00000189, -0.00000227, -0.00000695, ],
    [0.00000105,  0.00000354, -0.00000109, -0.00000250,  0.00000045,  0.00000160, -0.00000130,  0.00000363,  0.00000086, -0.00000542, -0.00000099,  0.00000472,  0.00000087,  0.00000766,  0.00000037, -0.00000171, -0.00000045,  0.00000244,  0.00000095,  0.00000139,  0.00000024, -0.00000859,  0.00000140, -0.00000188,  0.00000008, -0.00000160,  0.00000004,  0.00000038, -0.00000019, -0.00000086,  0.00000064, -0.00000622, -22.11939029, -1.52895122,  7.05163103,  2.65315738, 20.30292887, -0.00000061,  0.00000081, -0.00000085,
        0.00000001,  0.00000046,  0.00000046,  0.00000035, -0.00000079,  0.00000032,  0.00000066,  0.00000005, -0.00000037,  0.00000050,  0.00000013,  0.00000013, -0.00000073, -0.00000009, -0.00000093,  0.00000021, -0.00000030,  0.00000035,  0.00000012, -0.00000117,  0.00000083, -0.00000054,  0.00000039, -0.00000015, -0.00000039,  0.00000023,  0.00000010,  0.00000064,  0.00000099,  0.00000009, -0.00000023,  0.00000084, -0.00000065,  0.00000003, -0.00000027, -0.00000003,  0.00000040, -0.00000089, -0.00000021, -0.00000031, ],
    [0.00000089,  0.00000301,  0.00000043,  0.00000098,  0.00000179,  0.00000636, -0.00000022,  0.00000060,  0.00000097, -0.00000613, -0.00000016,  0.00000078,  0.00000028,  0.00000242, -0.00000048,  0.00000225,  0.00000109, -0.00000598, -0.00000320, -0.00000471, -0.00000009,  0.00000343,  0.00000021, -0.00000029,  0.00000008, -0.00000178, -0.00000073, -0.00000629,  0.00000284,  0.00001269,  0.00000012, -0.00000117, -0.00000002, -20.15567652,  2.65315738,  2.15785913,  1.00253254, -20.76921543, -0.00000749,  0.00000778, -
        0.00000010, -0.00000419, -0.00000427, -0.00000324,  0.00000723, -0.00000290, -0.00000608, -0.00000044,  0.00000340, -0.00000458, -0.00000124, -0.00000122,  0.00000670,  0.00000085,  0.00000855, -0.00000196,  0.00000274, -0.00000325, -0.00000112,  0.00001073, -0.00000766,  0.00000498, -0.00000362,  0.00000133,  0.00000362, -0.00000214, -0.00000088, -0.00000588, -0.00000907, -0.00000083,  0.00000215, -0.00000769,  0.00000597, -0.00000030,  0.00000251,  0.00000027, -0.00000365,  0.00000819,  0.00000190,  0.00000284, ],
    [0.00000185,  0.00000624, -0.00000140, -0.00000322, -0.00000023, -0.00000083,  0.00000059, -0.00000164, -0.00000002,  0.00000015, -0.00000006,  0.00000027, -0.00000016, -0.00000138,  0.00000107, -0.00000500, -0.00000002,  0.00000010, -0.00000352, -0.00000517, -0.00000027,  0.00000978, -0.00000061,  0.00000082,  0.00000021, -0.00000446, -0.00000086, -0.00000743,  0.00000104,  0.00000465, -0.00000030,  0.00000293, -0.00000004, -0.00000762, 20.30292887,  1.00253254,  2.27693475, -4.03259877, 16.81007293, -0.00000004, -
        0.00000007,  0.00000003, -0.00000001, -0.00000000,  0.00000001,  0.00000006, -0.00000004, -0.00000006,  0.00000002, -0.00000006,  0.00000005,  0.00000003,  0.00000007, -0.00000004, -0.00000006,  0.00000000,  0.00000001,  0.00000003, -0.00000004, -0.00000003,  0.00000005,  0.00000002,  0.00000002, -0.00000001, -0.00000002,  0.00000001, -0.00000001, -0.00000000,  0.00000003, -0.00000002,  0.00000003,  0.00000003, -0.00000001,  0.00000006, -0.00000003, -0.00000002,  0.00000000, -0.00000004, -0.00000001,  0.00000002, ],
    [0.00000146,  0.00000492,  0.00000070,  0.00000160,  0.00000225,  0.00000799,  0.00000148, -0.00000414, -0.00000020,  0.00000128,  0.00000013, -0.00000060, -0.00000028, -0.00000244, -0.00000110,  0.00000513,  0.00000045, -0.00000245, -0.00000116, -0.00000170,  0.00000011, -0.00000388, -0.00000377,  0.00000509, -0.00000023,  0.00000483,  0.00000000,  0.00000004, -0.00000133, -0.00000593,  0.00000012, -0.00000116, -0.00000004, -0.00000710, -0.00000061, -20.76921543, -4.03259877,  9.11984540, -4.00964714, -15.05304926,
